0.234592
0.277933
0.18654
0.278653
0.638034
0.624846
0.877707
0.445265
0.842966
0.466359
0.739682
0.0118679
0.169543
0.459017
0.557319
0.774544
0.377188
0.054143
0.674918
0.926272
0.352458
0.317805
0.361434
0.515902
0.561558
0.0110749
0.619624
0.0984981
0.758825
0.8508
0.465502
0.721173
0.491932
0.227647
0.0841923
0.818253
0.953186
0.666334
0.742069
0.845731
0.139975
0.166666
0.225087
0.472122
0.33531
0.202421
0.818856
0.517452
0.886806
0.702868
0.145561
0.54
0.241883
0.198821
0.482054
0.497975
0.0147213
0.58733
0.288917
0.880699
0.765744
0.984465
0.774315
0.671532
0.458495
0.950819
0.496152
0.478285
0.6147
0.407702
0.567173
0.656199
0.0632271
0.322708
0.945416
0.151083
0.546451
0.307844
0.809853
0.168958
0.188072
0.16019
0.26794
0.899979
0.784844
0.29
0.0534748
0.136161
0.67934
0.268274
0.293564
0.888784
0.174357
0.635024
0.197936
0.134943
0.396906
0.208563
0.255948
0.0411438
