0.234592
0.277933
0.18654
0.278653
0.638034
0.624846
0.877707
0.445265
0.842966
0.466359
0.739682
0.0118679
0.169543
0.459017
0.557319
0.774544
0.377188
0.054143
0.674918
0.926272
0.352458
0.317805
0.361434
0.515902
0.561558
0.0110749
0.619624
0.0984981
0.758825
0.8508
0.465502
0.721173
0.491932
0.227647
0.0841923
0.818253
0.953186
0.666334
0.742069
0.845731
0.139975
0.166666
0.225087
0.472122
0.33531
0.202421
0.818856
0.517452
0.886806
0.702868
0.145561
0.54
0.241883
0.198821
0.482054
0.497975
0.0147213
0.58733
0.288917
0.880699
0.765744
0.984465
0.774315
0.671532
0.458495
0.950819
0.496152
0.478285
0.6147
0.407702
0.567173
0.656199
0.0632271
0.322708
0.945416
0.151083
0.546451
0.307844
0.809853
0.168958
0.188072
0.16019
0.26794
0.899979
0.784844
0.29
0.0534748
0.136161
0.67934
0.268274
0.293564
0.888784
0.174357
0.635024
0.197936
0.134943
0.396906
0.208563
0.255948
0.0411438
0.246009
0.787526
0.0156998
0.0670896
0.197906
0.944439
0.253478
0.285916
0.0200245
0.297563
0.991214
0.845154
0.544029
0.423897
0.711131
0.605681
0.634791
0.522196
0.1892
0.633262
0.615939
0.987726
0.62195
0.063713
0.721406
0.953351
0.583025
0.959393
0.50714
0.744763
0.834659
0.745602
0.102527
0.114078
0.0926325
0.681657
0.821642
0.869103
0.657746
0.311802
0.96037
0.103067
0.608326
0.18738
0.699789
0.983505
0.0444892
0.0159879
0.779512
0.572054
0.934053
0.472663
0.790359
0.115878
0.356138
0.00692236
0.46126
0.589602
0.2287
0.856185
0.952996
0.852528
0.667157
0.397703
0.0886655
0.877413
0.79377
0.963542
0.878658
0.222777
0.48927
0.0946548
0.944569
0.393731
0.310291
0.0153005
0.0236104
0.661021
0.0611922
0.423963
0.504919
0.950888
0.298805
0.133523
0.953058
0.415856
0.554235
0.0869681
0.0598819
0.272974
0.819511
0.772955
0.474255
0.125262
0.711064
0.802882
0.822954
0.1743
0.545842
0.615347
0.624007
0.934525
0.785069
0.731253
0.715336
0.32761
0.0330731
0.376438
0.651155
0.0108893
0.0521591
0.915174
0.945023
0.307501
0.0534742
0.411232
0.0206534
0.130702
0.459108
0.536973
0.0641564
0.702282
0.0961578
0.0227387
0.366572
0.470227
0.748351
0.533857
0.282778
0.349126
0.212844
0.976486
0.351854
0.625928
0.574186
0.695825
0.414174
0.138645
0.286301
0.4118
0.697818
0.578225
0.483939
0.787054
0.531861
0.518922
0.0067445
0.666809
0.540642
0.049636
0.0600274
0.455419
0.677145
0.689451
0.0907701
0.59865
0.465684
0.133601
0.420702
0.151582
0.444142
0.689585
0.431317
0.653101
0.0228289
0.810243
0.935421
0.0701711
0.0838141
0.126496
0.743119
0.546441
0.916367
0.927668
0.807995
0.105142
0.962255
0.089597
0.462852
0.378137
0.389896
0.831885
0.161291
0.191412
0.169338
0.439567
0.850319
0.383596
0.920808
0.581744
0.238505
0.476887
0.959095
0.865446
0.586698
0.829798
0.755389
0.421657
0.161128
0.949429
0.777859
0.324991
0.829559
0.423974
0.391261
0.875347
0.965889
0.379023
0.153494
0.0611687
0.317261
0.485738
0.66767
0.19134
0.65676
0.491704
0.442906
0.187871
0.887794
0.372675
0.640659
0.3165
0.741183
0.11579
0.657993
0.212501
0.546035
0.643286
0.274595
0.552062
0.625673
0.505276
0.933634
0.100884
0.24213
0.560899
0.285234
0.799134
0.11504
0.827575
0.558838
0.341081
0.8209
0.271057
0.724148
0.60198
0.714206
0.940581
0.133597
0.0675109
0.5407
0.246532
0.563407
0.0592218
0.430864
0.168871
0.152311
0.989129
0.757086
0.127147
0.827027
0.72432
0.122084
0.929311
0.233258
0.0238431
0.601421
0.011664
0.509522
0.281355
0.514957
0.978098
2.26498e-05
0.846313
0.815623
0.312065
0.613238
0.569363
0.960396
0.50446
0.547031
0.0268022
0.153013
0.972568
0.148793
0.821044
0.621828
0.691205
0.718524
0.670651
0.433167
0.0676485
0.250645
0.273224
0.873629
0.0268431
0.166839
0.693445
0.0341496
0.051755
0.519451
0.672423
0.218466
0.651891
0.635173
0.366756
0.708998
0.219474
0.294031
0.750829
0.707748
0.750452
0.707914
0.293764
0.61299
0.420624
0.0222048
0.447828
0.509563
0.251085
0.0626714
0.309522
0.350047
0.173724
0.292762
0.265004
0.764505
0.715696
0.00217289
0.483964
0.956574
0.956855
0.655688
0.0705674
0.824387
0.553118
0.330731
0.762566
0.510701
0.385701
0.0248806
0.000356078
0.491538
0.346167
0.2468
0.545496
0.456985
0.71604
0.41808
0.974309
0.0838389
0.279672
0.73681
0.908692
0.280793
0.585048
0.137033
0.691796
0.984794
0.531815
0.446818
0.557985
0.84147
0.928392
0.0382279
0.0887264
0.990475
0.526529
0.543427
0.941673
0.473549
0.886284
0.800513
0.0857303
0.569294
0.799555
0.233415
0.0465719
0.462511
0.115366
0.712126
0.985381
0.401725
0.930274
0.477092
0.0970196
0.615714
0.306742
0.412138
0.515003
0.336747
0.205514
0.763716
0.117764
0.289768
0.14917
0.26597
0.90476
0.656612
0.124937
0.110877
0.0416643
0.594566
0.266979
0.488817
0.85738
0.995944
0.031514
0.694578
0.858963
0.889103
0.424417
0.59068
0.656624
0.262555
0.368959
0.275177
0.983025
0.066227
0.908283
0.388884
0.777294
0.621408
0.253491
0.758404
0.367406
0.659068
0.852877
0.985073
0.462754
0.728437
0.0965503
0.267071
0.804181
0.244737
0.286915
0.301495
0.101988
0.603299
0.151114
0.442238
0.4541
0.0685436
0.0777181
0.977355
0.0655621
0.545142
0.706063
0.731067
0.308227
0.927821
0.495666
0.912344
0.44479
0.361557
0.0174184
0.383276
0.408177
0.344528
0.967761
0.238305
0.587053
0.531564
0.546601
0.267308
0.834432
0.123333
0.0858847
0.348153
0.860402
0.0370982
0.681535
0.641098
0.841882
0.630861
0.310502
0.260214
0.879297
0.206122
0.113004
0.100276
0.239959
0.371428
0.849743
0.6435
0.479114
0.43702
0.985018
0.405406
0.971078
0.445681
0.28164
0.537139
0.707615
0.140872
0.0368582
0.47048
0.291284
0.0611607
0.0824621
0.829091
0.317664
0.256163
0.2151
0.906356
0.0823973
0.998207
0.394959
0.208752
0.414849
0.553494
0.0867376
0.887482
0.639166
0.206586
0.987519
0.321775
0.408676
0.998183
0.165552
0.636562
0.734305
0.851239
0.680391
0.477199
0.92732
0.76056
0.691974
0.686473
0.574179
0.899584
0.365016
0.303761
0.467814
0.13361
0.187683
0.858358
0.562784
0.0329352
0.0879514
0.40477
0.385146
0.994458
0.972382
0.777396
0.145257
0.580122
0.829552
0.486342
0.207705
0.726827
0.578863
0.306515
0.109203
0.9869
0.380961
0.762574
0.94717
0.293771
0.566343
0.22137
0.892159
0.480544
0.715523
0.0837814
0.307055
0.631423
0.581013
0.60724
0.533573
0.106181
0.622312
0.456808
0.328121
0.400282
0.198782
0.954141
0.242114
0.741699
0.221463
0.0457655
0.53486
0.169723
0.0974599
0.129754
0.956872
0.314354
0.873373
0.642167
0.503304
0.213547
0.574281
0.34239
0.0292146
0.605495
0.488253
0.695569
0.812509
0.239175
0.0722941
0.921043
0.999167
0.947615
0.550274
0.177934
0.955905
0.675042
0.85874
0.284069
0.147253
0.972213
0.428281
0.09872
0.283363
0.553248
0.263557
0.372533
0.259735
0.726685
0.0211169
0.762384
0.899736
0.151484
0.043043
0.806235
0.855118
0.251836
0.0407324
0.220054
0.383229
0.522587
0.794575
0.296183
0.298156
0.907345
0.173698
0.37189
0.884287
0.357336
0.436436
0.125278
0.84136
0.39653
0.0571106
0.794945
0.767109
0.374524
0.0250726
0.214179
0.230243
0.239599
0.624864
0.474681
0.474845
0.0322555
0.353516
0.0811073
0.262813
0.195308
0.292452
0.279232
0.191446
0.547673
0.376599
0.503252
0.391743
0.416692
0.883404
0.557706
0.921417
0.0702011
0.772614
0.0603637
0.630021
0.0762667
0.507163
0.769195
0.52545
0.292918
0.93098
0.335799
0.181488
0.988675
0.095309
0.485899
0.317373
0.544059
0.506218
0.519859
0.771372
0.618503
0.277573
0.544976
0.48067
0.710872
0.308001
0.394908
0.624634
0.510488
0.219123
0.0424191
0.517144
0.329324
0.953015
0.997546
0.759534
0.895792
0.847679
0.370204
0.0480908
0.165746
0.402174
0.662271
0.651559
0.146407
0.606875
0.207842
0.388763
0.00465167
0.43958
0.359386
0.524278
0.93759
0.551388
0.558018
0.463196
0.665141
0.875702
0.412793
0.046003
0.337044
0.12126
0.596508
0.521386
0.431661
0.278571
0.428481
0.370094
0.0303241
0.698369
0.559159
0.243605
0.860915
0.23835
0.0804234
0.786234
0.115095
0.732811
0.847057
0.646447
0.846476
0.269701
0.844978
0.0685239
0.597382
0.305849
0.451702
0.0879363
0.676002
0.955082
0.748056
0.189465
0.799518
0.438196
0.144366
0.733631
0.277147
0.134627
0.207869
0.372609
0.872376
0.987867
0.965792
0.726731
0.133618
0.907711
0.775354
0.343141
0.814919
0.690941
0.495969
0.464843
0.955535
0.944821
0.277289
0.252174
0.0354387
0.501151
0.654071
0.124446
0.72793
0.0714062
0.0285258
0.776095
0.425404
0.682711
0.788797
0.2453
0.718303
0.779248
0.664405
0.622806
0.155161
0.454465
0.708404
0.697607
0.960845
0.159073
0.655469
0.536337
0.578424
0.0963287
0.518466
0.714121
0.916908
0.729444
0.716686
0.355685
0.123378
0.144584
0.167286
0.734791
0.107931
0.888686
0.034317
0.62638
0.78668
0.790193
0.893738
0.631222
0.444255
0.678308
0.134714
0.649609
0.0645383
0.67394
0.82711
0.75801
0.92587
0.466677
0.532634
0.875676
0.0101504
0.761589
0.584088
0.574829
0.0326303
0.202334
0.886722
0.0969264
0.955865
0.871096
0.888402
0.896461
0.0167472
0.969446
0.597667
0.514869
0.265101
0.154258
0.845585
0.422115
0.030719
0.701307
0.596979
0.414315
0.533992
0.863889
0.871856
0.978474
0.55142
0.863899
0.179197
0.123451
0.379609
0.353432
0.0342826
0.993254
0.732857
0.622137
0.987342
0.399868
0.314423
0.366398
0.37898
0.188961
0.712509
0.236981
0.862521
0.666268
0.581105
0.103329
0.555334
0.136234
0.712721
0.0322475
0.927851
0.520812
0.32153
0.517085
0.782554
0.394346
0.302853
0.11197
0.320097
0.0760424
0.950935
0.765027
0.885633
0.740506
0.651381
0.417086
0.790868
0.182107
0.811261
0.0709193
0.611358
0.439
0.277592
0.64403
0.962311
0.617311
0.140378
0.824286
0.776028
0.420489
0.139161
0.32971
0.611617
0.638615
0.672149
0.972563
0.627311
0.801236
0.0150723
0.253589
0.954224
0.227345
0.324842
0.0519502
0.653311
0.473718
0.895007
0.457582
0.678659
0.663205
0.105335
0.698961
0.962048
0.971086
0.856134
0.855691
0.679
0.527386
0.511004
0.496706
0.926796
0.114407
0.113882
0.490766
0.92393
0.249355
0.0981449
0.392156
0.599557
0.246542
0.361765
0.268583
0.889859
0.111102
0.960279
0.302349
0.2775
0.503228
0.423155
0.615848
0.415978
0.831597
0.0175626
0.0133048
0.668391
0.96812
0.426009
0.758199
0.192302
0.850162
0.559564
0.546571
0.277387
0.83002
0.715474
0.0187135
0.999745
0.527173
0.535812
0.356171
0.597755
0.307894
0.635471
0.427474
0.0895549
0.882572
0.632722
0.422552
0.667594
0.561984
0.738915
0.423671
0.911833
0.13307
0.10539
0.870395
0.397006
0.00876576
0.499395
0.215322
0.933143
0.0634708
0.829388
0.762189
0.93125
0.114668
0.996926
0.651274
0.692324
0.154733
0.144312
0.86422
0.826449
0.448618
0.641858
0.652097
0.783495
0.307352
0.420083
0.529689
0.0125435
0.174531
0.874148
0.479342
0.903707
0.383185
0.740988
0.289408
0.383063
0.109523
0.719822
0.325759
0.00312388
0.426852
0.453186
0.324038
0.0761993
0.142324
0.783827
0.843537
0.197416
0.339022
0.72246
0.458665
0.111802
0.728241
0.742735
0.84738
0.588297
0.828905
0.562086
0.519618
0.223608
0.380089
0.677092
0.0155103
0.246164
0.868426
0.0899748
0.717255
0.235243
0.0291118
0.652989
0.78106
0.953021
0.335158
0.967314
0.236087
0.350494
0.66835
0.225549
0.00638062
0.646793
0.929724
0.243749
0.506326
0.525204
0.871313
2.87294e-05
0.577233
0.582277
0.787776
0.55794
0.84166
0.121012
0.687376
0.729912
0.250234
0.191422
0.0276013
0.329841
0.67668
0.703134
0.344197
0.590464
0.251587
0.464686
0.233477
0.394315
0.887622
0.802455
0.55281
0.687256
0.468354
0.401511
0.249421
0.624731
0.341477
0.433372
0.313093
0.442133
0.253031
0.608291
0.210677
0.38879
0.0867181
0.892311
0.564076
0.869166
0.190457
0.297146
0.0767909
0.411903
0.921786
0.508221
0.194423
0.466614
0.0894001
0.932936
0.0876586
0.995334
0.680788
0.161128
0.0118529
0.830296
0.0533623
0.0639448
0.921484
0.0361652
0.139906
0.267715
0.0377831
0.564296
0.773439
0.783863
0.869688
0.0636072
0.718061
0.303851
0.865963
0.302046
0.883009
0.468276
0.692605
0.578326
0.548312
0.174164
0.281198
0.634745
0.400677
0.229947
0.73835
0.975438
0.0559216
0.387132
0.718784
0.936377
0.759236
0.55972
0.878307
0.185512
0.412036
0.0925263
0.720263
0.471082
0.654184
0.460635
0.875045
0.73605
0.552365
0.550862
0.714058
0.951092
0.68529
0.360318
0.488101
0.57941
0.136429
0.753348
0.0732959
0.321101
0.114475
0.584371
0.496234
0.817133
0.601531
0.842137
0.348133
0.276365
0.807708
0.0222577
0.571632
0.92219
0.121948
0.286945
0.291891
0.664834
0.456256
0.393863
0.197515
0.170271
0.427954
0.72756
0.829675
0.676019
0.964709
0.346754
0.310011
0.105116
0.757841
0.962573
0.762863
0.611738
0.630508
0.771254
0.0414685
0.718809
0.200153
0.325614
0.664075
0.486088
0.646136
0.28072
0.0244494
0.404497
0.106309
0.793538
0.45865
0.6643
0.870985
0.0830359
0.852056
0.370501
0.860236
0.697344
0.0968433
0.159383
0.319048
0.708208
0.970187
0.644068
0.147648
0.629914
0.920077
0.282834
0.793396
0.21485
0.535742
0.647865
0.262043
0.40427
0.901362
0.539294
0.300768
0.227724
0.607479
0.715694
0.280109
0.431897
0.299425
0.281065
0.939317
0.343795
0.757727
0.616714
0.829076
0.0712029
0.246726
0.592806
0.295406
0.586765
0.0816295
0.180397
0.10591
0.95812
0.777784
0.310686
0.569784
0.219017
0.0747685
0.0590233
0.0237251
0.99179
0.725158
0.241929
0.662409
0.680717
0.523239
0.396373
0.178455
0.420223
0.203173
0.925441
0.526016
0.374603
0.0808015
0.42057
0.589635
0.864206
0.0623034
0.623446
0.949662
0.28976
0.23429
0.575247
0.750925
0.88528
0.193284
0.0399666
0.38112
0.195187
0.462442
0.11349
0.735359
0.37416
0.946892
0.716028
0.549624
0.371015
0.155127
0.916749
0.354337
0.00911891
0.0581368
0.651545
0.033733
0.886232
0.526616
0.783614
0.0916781
0.842884
0.021962
0.22725
0.125479
0.753994
0.938657
0.185471
0.699614
0.696426
0.52419
0.0824369
0.759386
0.481929
0.070689
0.929454
0.855083
0.968045
0.475749
0.14791
0.597869
0.675215
0.596523
0.490509
0.942081
0.582095
0.280026
0.405742
0.521517
0.653111
0.563755
0.519507
0.494961
0.182465
0.0819687
0.0144207
0.673155
0.983503
0.820307
0.632481
0.247373
0.611857
0.476571
0.95028
0.795844
0.871523
0.884298
0.847541
0.985902
0.835409
0.551013
0.249684
0.182872
0.161644
0.72549
0.919072
0.0450066
0.299528
0.257998
0.345663
0.738627
0.322847
0.00876331
0.0443551
0.0457692
0.204453
0.330739
0.986022
0.64161
0.111811
0.191874
0.453237
0.0332258
0.750108
0.515359
0.643162
0.424599
0.0269337
0.745036
0.280698
0.768846
0.520504
0.100791
0.923617
0.502519
0.584751
0.961641
0.27621
0.961081
0.291041
0.684328
0.0942732
0.511151
0.813813
0.300794
0.624383
0.870575
0.502934
0.882564
0.31678
0.709986
0.0819198
0.926136
0.418869
0.440415
0.496587
0.294757
0.374644
0.00357419
0.755719
0.679599
0.188182
0.198006
0.700669
0.705308
0.469298
0.887843
0.793428
0.68028
0.511285
0.0985447
0.663216
0.365265
0.446847
0.0419114
0.397569
0.712216
0.125892
0.48938
0.0789905
0.169481
0.432578
0.276738
0.128908
0.66821
0.908014
0.5238
0.822099
0.968123
0.0135839
0.429312
0.836275
0.0933777
0.87472
0.809832
0.0294203
0.996225
0.322342
0.128687
0.070619
0.800567
0.755577
0.423445
0.656703
0.25814
0.395446
0.302465
0.701516
0.527301
0.400074
0.652581
0.392148
0.312022
0.60665
0.118109
0.188481
0.0359839
0.754734
0.842591
0.679682
0.360423
0.652343
0.977546
0.573193
0.377353
0.975535
0.634047
0.62311
0.546088
0.287159
0.586429
0.703658
0.24463
0.0529931
0.270591
0.374388
0.948789
0.470688
0.11739
0.202422
0.422583
0.860596
0.797032
0.301615
0.871882
0.34165
0.262716
0.732172
0.814775
0.349768
0.964055
0.0490859
0.926437
0.577552
0.368792
0.949378
0.758709
0.319182
0.444962
0.0136382
0.846433
0.250443
0.885215
0.1344
0.501849
0.333763
0.331723
0.248432
0.414605
0.391996
0.72456
0.81142
0.34879
0.364434
0.0676401
0.290025
0.618404
0.0451221
0.0105042
0.0182101
0.523747
0.958756
0.6824
0.0386366
0.981568
0.310719
0.684862
0.760751
0.250273
0.887496
0.274386
0.496253
0.102895
0.589088
0.742752
0.562881
0.143287
0.0107702
0.090444
0.617796
0.613722
0.616832
0.740426
0.707155
0.592446
0.614581
0.549648
0.394024
0.40206
0.461063
0.420862
0.416881
0.355547
0.0903297
0.193307
0.946705
0.415441
0.0556731
0.531507
0.930038
0.101384
0.394403
0.0241836
0.88134
0.494856
0.482283
0.135903
0.61775
0.854515
0.305614
0.300158
0.44695
0.681932
0.360791
0.384035
0.172639
0.667149
0.534341
0.094855
0.721502
0.0317714
0.442771
0.977924
0.178445
0.0309274
0.840359
0.0887948
0.416937
0.341033
0.399995
0.639741
0.270517
0.0597786
0.505905
0.613009
0.667975
0.860958
0.265778
0.871301
0.571626
0.269766
0.551078
0.535732
0.00389284
0.197834
0.257976
0.930978
0.325791
0.521917
0.473258
0.918455
0.916874
0.662462
0.766635
0.243322
0.508688
0.00887299
0.128702
0.524379
0.996742
0.827592
0.862777
0.215895
0.113999
0.122983
0.611911
0.250194
0.395663
0.219534
0.57819
0.924382
0.280575
0.442542
0.0143403
0.167452
0.281825
0.678002
0.0169288
0.779953
0.56703
0.211082
0.598653
0.246595
0.0994142
0.739323
0.374522
0.251796
0.914728
0.0503108
0.512867
0.169412
0.202582
0.607271
0.0480613
0.848461
0.29174
0.134817
0.452595
0.11324
0.220311
0.445469
0.530455
0.453733
0.834747
0.5495
0.294254
0.748145
0.389453
0.303773
0.804693
0.314391
0.212824
0.169907
0.405393
0.0434734
0.105906
0.605386
0.0135136
0.487114
0.285885
0.665268
0.388487
0.994467
0.804133
0.227606
0.593367
0.486964
0.405933
0.10923
0.308432
0.97601
0.464711
0.452494
0.947052
0.0169897
0.937334
0.717037
0.224131
0.509929
0.0434371
0.712145
0.472745
0.576502
0.50481
0.155898
0.959124
0.0481809
0.0254211
0.197761
0.90941
0.12995
0.452566
0.616428
0.453174
0.343188
0.138751
0.996611
0.456878
0.0559518
0.360419
0.50872
0.452512
0.96138
0.75538
0.0180819
0.351244
0.203316
0.390561
0.341379
0.159258
0.830686
0.910149
0.997699
0.653598
0.761421
0.100722
0.926281
0.0178043
0.351584
0.797706
0.681981
0.0885567
0.83237
0.693302
0.234412
0.787536
0.233239
0.356356
0.295413
0.0180966
0.100891
0.731925
0.96611
0.0359939
0.613142
0.561706
0.562147
0.0861437
0.306539
0.22843
0.372875
0.426525
0.763389
0.883303
0.0758475
0.00232321
0.54945
0.122129
0.490002
0.00143492
0.182095
0.76754
0.13891
0.899725
0.525368
0.301755
0.289776
0.406132
0.275713
0.277112
0.247478
0.211694
0.582706
0.686019
0.941604
0.466822
0.337673
0.21882
0.674466
0.415857
0.676297
0.932616
0.106213
0.47723
0.112482
0.693829
0.738656
0.507587
0.9541
0.676205
0.258593
0.863604
0.792347
0.108381
0.183657
0.670234
0.350939
0.935827
0.586752
0.757992
0.186
0.812097
0.77864
0.76487
0.765227
0.67508
0.156245
0.755593
0.239812
0.0807526
0.0293376
0.0727435
0.400432
0.659093
0.279688
0.802541
0.0279936
0.489392
0.680173
0.543501
0.283948
0.462615
0.992015
0.0351148
0.844108
0.470873
0.0365396
0.593911
0.494372
0.805985
0.109115
0.0914657
0.545796
0.252506
0.102268
0.541328
0.185598
0.451453
0.889162
0.625587
0.597742
0.345709
0.914042
0.278337
0.378851
0.23292
0.413837
0.469182
0.0684419
0.196219
0.801051
0.148373
0.256584
0.485003
0.321645
0.700088
0.782191
0.946147
0.87043
0.291662
0.34921
0.792994
0.867659
0.550911
0.23616
0.518624
0.245856
0.921321
0.516391
0.798183
0.988039
0.777782
0.546493
0.367162
0.485022
0.233678
0.0473076
0.551406
0.746754
0.0872989
0.470152
0.417168
0.172899
0.738933
0.852661
0.195865
0.786849
0.535744
0.213879
0.171467
0.28869
0.887614
0.706545
0.680606
0.542514
0.506635
0.037271
0.258665
0.31833
0.0943856
0.398289
0.153206
0.931022
0.190131
0.811726
0.486424
0.409685
0.208162
0.896009
0.900643
0.11219
0.42898
0.382008
0.189915
0.603174
0.0287654
0.802561
0.657033
0.969853
0.52013
0.0832184
0.497937
0.215785
0.399867
0.0291613
0.492949
0.378948
0.157337
0.734177
0.471312
0.448276
0.90086
0.791318
0.599769
0.126741
0.693101
0.889014
0.42422
0.405253
0.840338
0.333233
0.0953513
0.284181
0.484727
0.223435
0.154139
0.557109
0.27589
0.990341
0.636034
0.835538
0.348681
0.273727
0.273325
0.91519
0.556015
0.983019
0.810302
0.305339
0.664305
0.459428
0.638625
0.38046
0.546819
0.11094
0.259409
0.512885
0.844538
0.0427912
0.503433
0.787307
0.759719
0.675928
0.122972
0.384451
0.992032
0.954774
0.683386
0.100409
0.812691
0.00826901
0.654904
0.161195
0.205531
0.843146
0.111032
0.79351
0.222939
0.923742
0.0837581
0.980114
0.383503
0.912697
0.992177
0.588709
0.41317
0.723586
0.467193
0.803434
0.348122
0.531477
0.0117848
0.640138
0.230008
0.111985
0.633058
0.316263
0.714933
0.117228
0.313144
0.396988
0.180323
0.0408044
0.0658084
0.937918
0.71921
0.999865
0.918643
0.294429
0.593964
0.474074
0.149297
0.71287
0.935842
0.195462
0.589299
0.376975
0.387323
0.887419
0.396811
0.708523
0.308948
0.258306
0.186006
0.618291
0.230405
0.573809
0.10921
0.0108454
0.381726
0.0804479
0.937752
0.936464
0.762691
0.425798
0.911848
0.436366
0.318745
0.0309557
0.517485
0.219197
0.117327
0.844711
0.264826
0.870451
0.0130253
0.314619
0.375973
0.381154
0.365887
0.723697
0.695414
0.732455
0.360191
0.0699531
0.427796
0.0251659
0.213516
0.436867
0.72251
0.597402
0.39469
0.734735
0.0374909
0.8489
0.27004
0.743525
0.517844
0.0768752
0.34667
0.209572
0.818795
0.859265
0.692242
0.663691
0.444768
0.667077
0.416408
0.163303
0.526189
0.286244
0.391323
0.7962
0.72541
0.676026
0.337811
0.807236
0.344303
0.85725
0.641602
0.809699
0.393772
0.524419
0.509503
0.774306
0.365234
0.8021
0.291261
0.847025
0.250777
0.821415
0.795791
0.0957668
0.983333
0.326936
0.997569
0.000636697
0.228656
0.175972
0.210034
0.262408
0.251849
0.846442
0.994132
0.24159
0.111039
0.722603
0.276261
0.321377
0.938452
0.381041
0.0913219
0.67168
0.627418
0.764194
0.873358
0.43272
0.995651
0.745894
0.982555
0.21994
0.693717
0.0455412
0.268933
0.658978
0.279295
0.432866
0.290354
0.370799
0.0344461
0.331367
0.906027
0.132479
0.51356
0.240368
0.767846
0.937846
0.015919
0.343486
0.43698
0.939794
0.0932227
0.769031
0.0711124
0.727971
0.0107986
0.467321
0.0286871
0.554807
0.257135
0.461024
0.604155
0.483346
0.434706
0.9705
0.214453
0.672252
0.812915
0.866755
0.608919
0.960195
0.738743
0.0465939
0.922296
0.186876
0.69705
0.500147
0.275238
0.233148
0.500434
0.280798
0.501243
0.740218
0.927381
0.0291868
0.438309
0.5224
0.768038
0.737653
0.575145
0.38287
0.168547
0.149294
0.919828
0.578757
0.96714
0.633978
0.506356
0.188484
0.261707
0.837111
0.805213
0.406884
0.449526
0.86752
0.0655114
0.0235536
0.478979
0.223046
0.63645
0.820552
0.886669
0.0269426
0.859864
0.247367
0.99003
0.620273
0.982601
0.167472
0.117011
0.725405
0.588579
0.709014
0.670772
0.0807015
0.813864
0.554232
0.821353
0.931343
0.12861
0.236373
0.342472
0.614599
0.530633
0.932576
0.753344
0.816929
0.793851
0.0811163
0.244589
0.0166596
0.689302
0.32646
0.836837
0.709762
0.0851048
0.51878
0.763194
0.989788
0.756898
0.705934
0.384243
0.157995
0.166318
0.384053
0.227879
0.265571
0.985526
0.0594202
0.298494
0.0786653
0.537768
0.421886
0.408518
0.904662
0.222514
0.429138
0.741256
0.244516
0.539948
0.125423
0.601962
0.743237
0.470619
0.504076
0.232714
0.692946
0.160559
0.321699
0.768355
0.00212145
0.71469
0.85697
0.853672
0.623842
0.228699
0.66455
0.602173
0.895784
0.105966
0.665713
0.607469
0.0285947
0.131802
0.43923
0.308021
0.233942
0.873232
0.012907
0.409673
0.392081
0.359293
0.873796
0.48955
0.953983
0.619835
0.703431
0.205856
0.510001
0.658126
0.716484
0.35107
0.410366
0.799961
0.299803
0.962609
0.575706
0.310316
0.24763
0.0266808
0.847923
0.31564
0.464269
0.962466
0.448686
0.354586
0.146446
0.955499
0.384578
0.316646
0.927943
0.240251
0.796376
0.257972
0.841315
0.120543
0.117971
0.896421
0.169705
0.445074
0.752476
0.793204
0.617946
0.602882
0.974836
0.923053
0.301091
0.231678
0.608417
0.213455
0.741516
0.322533
0.810433
0.0734351
0.680901
0.783379
0.669687
0.681945
0.144048
0.436474
0.588398
0.937508
0.284068
0.193061
0.837656
0.859682
0.421259
0.95158
0.271972
0.5409
0.0920717
0.899077
0.00866961
0.262172
0.217785
0.5537
0.984494
0.844877
0.0872379
0.43644
0.335269
0.987022
0.748381
0.849845
0.474857
0.275841
0.758643
0.556979
0.0495235
0.161389
0.288752
0.798708
0.735662
0.134738
0.702847
0.0664384
0.213768
0.747547
0.88744
0.124641
0.625724
0.289838
0.255762
0.34663
0.440644
0.0236746
0.421429
0.88013
0.286496
0.905769
0.806931
0.980933
0.092775
0.162005
0.951102
0.387976
0.814649
0.396432
0.857174
0.626802
0.605969
0.897326
0.0923513
0.257328
0.649505
0.30275
0.432151
0.37801
0.636557
0.712732
0.70788
0.651973
0.119442
0.510837
0.131076
0.547355
0.266944
0.535462
0.264655
0.867155
0.186321
0.0403339
0.0799422
0.820399
0.924514
0.242916
0.159138
0.220391
0.742514
0.953299
0.745309
0.014283
0.574159
0.240566
0.681368
0.416354
0.837356
0.619445
0.86931
0.666825
0.629149
0.391108
0.583139
0.291764
0.479026
0.196932
0.24578
0.978325
0.875885
0.0109181
0.359727
0.0012061
0.73218
0.0673642
0.734275
0.260554
0.401222
0.377802
0.299939
0.310739
0.955447
0.269929
0.865389
0.875563
0.995816
0.237159
0.180282
0.200023
0.160549
0.689735
0.96681
0.963801
0.787423
0.226257
0.292436
0.50317
0.379691
0.663097
0.762631
0.750392
0.947996
0.358655
0.0201768
0.343624
0.79815
0.9332
0.619758
0.275794
0.8981
0.991667
0.279497
0.33005
0.472534
0.892205
0.985558
0.292293
0.819661
0.390496
0.10006
0.824302
0.784478
0.960303
0.762653
0.375329
0.183875
0.165022
0.721334
0.268877
0.899603
0.564521
0.385827
0.161873
0.304394
0.74316
0.790151
0.486905
0.440382
0.0915102
0.80799
0.151182
0.00864583
0.996178
0.377966
0.26896
0.898574
0.209455
0.819332
0.365383
0.700753
0.622286
0.6367
0.498571
0.22572
0.909431
0.656751
0.844822
0.966001
0.62708
0.395085
0.363346
0.00430655
0.583578
0.960429
0.270324
0.800291
0.517489
0.523024
0.110177
0.096386
0.748481
0.506052
0.274934
0.0751458
0.549969
0.526446
0.520677
0.84374
0.878684
0.917111
0.618854
0.240957
0.671215
0.739988
0.0504022
0.565321
0.684286
0.900632
0.137261
0.701811
0.101327
0.386397
0.688815
0.893928
0.0924635
0.502441
0.335518
0.234658
0.0210028
0.899427
0.731494
0.271305
0.935434
0.916808
0.985408
0.805478
0.112761
0.256649
0.676659
0.770347
0.714006
0.739997
0.225378
0.873902
0.781299
0.591015
0.772425
0.0911844
0.475953
0.390787
0.0191159
0.571652
0.958463
0.464114
0.85533
0.0896489
0.942925
0.888194
0.294644
0.948772
0.270451
0.385737
0.284421
0.148592
0.0142893
0.0253336
0.324351
0.989901
0.27228
0.261297
0.656249
0.0818607
0.900826
0.715253
0.388071
0.845889
0.521142
0.583535
0.265649
0.727412
0.415347
0.0700564
0.260428
0.454138
0.3975
0.889659
0.431638
0.730534
0.0937595
0.29871
0.926776
0.531658
0.426005
0.526823
0.26662
0.708531
0.759745
0.88883
0.183946
0.663846
0.636296
0.437545
0.954107
0.375244
0.376949
0.881768
0.383051
0.987083
0.334869
0.886276
0.0100368
0.218322
0.876254
0.899646
0.374378
0.396824
0.933378
0.507157
0.537287
0.566292
0.221195
0.891389
0.0662227
0.939733
0.389604
0.196334
0.495271
0.46311
0.254851
0.660063
0.596455
0.649149
0.17666
0.815627
0.956666
0.524394
0.322732
0.984109
0.78043
0.319412
0.719749
0.621563
0.284718
0.914667
0.036504
0.910926
0.371863
0.745577
0.645695
0.450057
0.995999
0.37752
0.272755
0.0593339
0.634764
0.224661
0.441126
0.811641
0.672733
0.916533
0.522076
0.345991
0.425072
0.131635
0.209852
0.668593
0.701303
0.390039
0.776044
0.545181
0.600383
0.346067
0.849817
0.158803
0.644842
0.261566
0.986194
0.0802517
0.108953
0.383144
0.521172
0.125936
0.997301
0.659758
0.479728
0.618934
0.0148805
0.479466
0.906096
0.208935
0.101009
0.547248
0.471633
0.268501
0.253349
0.405016
0.312109
0.87763
0.81021
0.125676
0.00519663
0.194062
0.316632
0.0911971
0.52234
0.591861
0.318431
0.035129
0.747928
0.272576
0.388947
0.841032
0.728712
0.349838
0.428767
0.973548
0.823101
0.134608
0.367067
0.0173559
0.0765384
0.81536
0.174979
0.998901
0.189695
0.943199
0.857496
0.313323
0.307314
0.0882356
0.348278
0.906978
0.246837
0.605603
0.88861
0.853812
0.833096
0.21064
0.808824
0.447135
0.672317
0.940044
0.585626
0.221548
0.303699
0.995874
0.919885
0.089654
0.0633906
0.093494
0.441514
0.109716
0.51836
0.619506
0.182636
0.345458
0.8346
0.307924
0.391297
0.935989
0.341754
0.979085
0.672976
0.981483
0.117572
0.591462
0.514071
0.0846484
0.767632
0.633506
0.0477571
0.854886
0.714379
0.732742
0.0466945
0.0341614
0.503237
0.614256
0.269945
0.0151947
0.738013
0.212329
0.335234
0.575565
0.823152
0.477681
0.917459
0.0845836
0.0637524
0.294992
0.933739
0.350788
0.50438
0.76651
0.0634095
0.596521
0.206161
0.0883362
0.580048
0.821219
0.350649
0.428555
0.805776
0.737674
0.64854
0.762842
0.276368
0.827765
0.0813261
0.084287
0.981841
0.100281
0.247463
0.1009
0.240665
0.491032
0.951943
0.900903
0.703171
0.0813956
0.481998
0.97037
0.257788
0.569068
0.934152
0.553553
0.789794
0.787098
0.47055
0.808566
0.648673
0.513898
0.711932
0.159786
0.27722
0.101229
0.856326
0.566556
0.067558
0.882399
0.165753
0.986785
0.662368
0.0908983
0.0374145
0.00626266
0.856553
0.958309
0.212099
0.537047
0.226551
0.689609
0.618159
0.604339
0.134686
0.74932
0.522526
0.543119
0.611846
0.580378
0.730219
0.716116
0.216252
0.907127
0.0912832
0.447543
0.361478
0.418904
0.595568
0.0957391
0.402423
0.0513254
0.521969
0.122826
0.395717
0.420431
0.687323
0.992243
0.0980307
0.135977
0.846782
0.916114
0.806973
0.101888
0.762962
0.539955
0.934607
0.0200914
0.0252449
0.24091
0.129539
0.952515
0.885634
0.115935
0.79714
0.46886
0.877248
0.537588
0.949422
0.233659
0.746791
0.133303
0.289586
0.949334
0.666798
0.473175
0.148929
0.72519
0.542773
0.0277127
0.575246
0.148508
0.470499
0.729235
0.0409717
0.0210546
0.0771306
0.502612
0.193252
0.00555563
0.802382
0.222458
0.688691
0.736512
0.0830874
0.773601
0.374847
0.830674
0.497027
0.427511
0.967432
0.495413
0.666714
0.32402
0.544181
0.803
0.78502
0.421785
0.682098
0.869265
0.681819
0.732735
0.127044
0.789324
0.581862
0.633504
0.210384
0.766544
0.791492
0.358939
0.971394
0.311011
0.632919
0.367693
0.375365
0.86618
0.623751
0.612179
0.501258
0.447655
0.576194
0.368701
0.0573139
0.404913
0.0990177
0.739474
0.773271
0.178032
0.160355
0.0282863
0.404664
0.56877
0.57928
0.528864
0.269015
0.414189
0.972225
0.400893
0.264069
0.315673
0.24302
0.242328
0.410107
0.62099
0.640453
0.0268379
0.995061
0.0280297
0.803655
0.770476
0.919793
0.970482
0.669358
0.702154
0.525185
0.162307
0.340281
0.497105
0.827274
0.055163
0.00205487
0.00964063
0.980789
0.71452
0.718675
0.189243
0.891238
0.00919241
0.906725
0.825088
0.124985
0.232489
0.0252866
0.771098
0.0287966
0.760672
0.40399
0.64002
0.230284
0.741787
0.259306
0.620103
0.365109
0.188041
0.099685
0.720811
0.510077
0.382747
0.183315
0.292961
0.431478
0.72664
0.315311
0.0366524
0.939567
0.34366
0.73453
0.725054
0.404014
0.884675
0.62468
0.364228
0.693838
0.567376
0.329013
0.168097
0.76908
0.258393
0.526125
0.867314
0.862176
0.677189
0.528872
0.587737
0.148153
0.242952
0.233112
0.348213
0.291544
0.565622
0.827862
0.469891
0.7529
0.0632536
0.283793
0.500114
0.675587
0.404107
0.450984
0.800849
0.268641
0.301347
0.885126
0.822897
0.661831
0.4992
0.618256
0.970633
0.334192
0.626843
0.137393
0.119729
0.287289
0.280085
0.388469
0.13107
0.59292
0.626893
0.970618
0.99283
0.396443
0.881668
0.849177
0.292689
0.108841
0.0683443
0.264833
0.696161
0.420222
0.733972
0.605777
0.901693
0.134635
0.530034
0.325571
0.0129939
0.593692
0.343543
0.209896
0.554527
0.42661
0.284529
0.816233
0.232613
0.490088
0.456207
0.583007
0.145824
0.727003
0.863659
0.75883
0.218928
0.385158
0.871279
0.0160983
0.756691
0.447282
0.644272
0.61663
0.39212
0.881879
0.685529
0.344811
0.504033
0.734209
0.266608
0.623915
0.333512
0.228495
0.203868
0.879213
0.391948
0.585033
0.152735
0.708783
0.142697
0.405663
0.0930652
0.63952
0.710007
0.321782
0.717305
0.63075
0.164815
0.809777
0.206276
0.827456
0.584888
0.815436
0.450173
0.289328
0.239906
0.533073
0.813299
0.3908
0.860325
0.366993
0.994734
0.82167
0.816067
0.931495
0.093174
0.482063
0.54815
0.628375
0.0928335
0.396324
0.810137
0.911259
0.0163642
0.379996
0.0592569
0.0185422
0.799606
0.63206
0.318316
0.0334079
0.871258
0.663333
0.151354
0.671494
0.763031
0.274385
0.201264
0.469954
0.934757
0.397948
0.828259
0.530671
0.875403
0.331566
0.853086
0.276219
0.598599
0.118868
0.644931
0.340619
0.619366
0.0676448
0.499023
0.566095
0.199735
0.143051
0.869384
0.0911453
0.418569
0.836822
0.0635571
0.759561
0.89013
0.0236184
0.191561
0.277902
0.63081
0.451033
0.794238
0.264052
0.124821
0.13935
0.669984
0.309778
0.815173
0.961818
0.819989
0.767711
0.168771
0.748904
0.0654511
0.678206
0.740778
0.594916
0.48307
0.15761
0.606044
0.403592
0.923775
0.135221
0.129075
0.218693
0.169231
0.0425072
0.616063
0.531972
0.469022
0.649717
0.602244
0.833089
0.874494
0.552212
0.818987
0.657228
0.774954
0.130296
0.306217
0.182514
0.451647
0.0888793
0.976134
0.363778
0.525021
0.903465
0.450415
0.21627
0.119754
0.495652
0.607272
0.489989
0.304888
0.25099
0.916085
0.848252
0.937245
0.455637
0.463899
0.846319
0.342632
0.0805254
0.901204
0.231723
0.161003
0.698733
0.0146606
0.162432
0.797993
0.408707
0.864114
0.553332
0.60446
0.896344
0.596301
0.332963
0.326285
0.0244824
0.558532
0.262199
0.583465
0.597777
0.771738
0.511948
0.109989
0.0901116
0.864378
0.0265841
0.602453
0.795133
0.17156
0.609834
0.670008
0.304402
0.416788
0.196214
0.890685
0.760225
0.079537
0.347674
0.712573
0.729408
0.644111
0.297154
0.622037
0.347908
0.0188199
0.994558
0.482981
0.290471
0.331749
0.191449
0.804339
0.866144
0.923432
0.25073
0.930759
0.913827
0.149354
0.558763
0.898744
0.351573
0.243358
0.171902
0.644645
0.503968
0.813639
0.0340671
0.145633
0.603805
0.834693
0.200526
0.742574
0.873466
0.0344986
0.187065
0.907401
0.876343
0.453847
0.888184
0.981206
0.488617
0.495235
0.262711
0.982212
0.761718
0.533275
0.254298
0.637061
0.996696
0.856669
0.829851
0.151973
0.42694
0.511865
0.332818
0.476353
0.131832
0.477404
0.986273
0.409547
0.042913
0.219703
0.490023
0.254575
0.509755
0.764644
0.548151
0.404333
0.437679
0.420748
0.995158
0.928176
0.796341
0.882671
0.763122
0.572145
0.324962
0.819774
0.461679
0.22195
0.202393
0.462259
0.128311
0.152704
0.093776
0.286284
0.432243
0.784044
0.123943
0.647419
0.72457
0.809604
0.723208
0.283335
0.364084
0.00740588
0.881396
0.979746
0.175599
0.614437
0.931432
0.202911
0.433461
0.77503
0.193454
0.953848
0.592917
0.302956
0.0622501
0.229771
0.503253
0.844522
0.486447
0.984907
0.0516227
0.291062
0.717887
0.749641
0.616098
0.657684
0.357775
0.194103
0.594246
0.113304
0.172097
0.72142
0.965534
0.170178
0.678775
0.770769
0.240799
0.900134
0.979306
0.0267177
0.407217
0.747923
0.872684
0.572388
0.831761
0.325466
0.251511
0.373096
0.999611
0.525988
0.366995
0.15369
0.00716722
0.0928907
0.852485
0.103915
0.567828
0.630773
0.747779
0.575979
0.347144
0.16491
0.748633
0.317008
0.467425
0.177304
0.881035
0.498127
0.566058
0.971289
0.278965
0.601829
0.585904
0.529839
0.91262
0.831538
0.980704
0.599823
0.401308
0.350481
0.221782
0.758144
0.678982
0.103448
0.326452
0.467615
0.436306
0.0815239
0.0368484
0.151708
0.905097
0.130729
0.0824341
0.416101
0.370958
0.530158
0.895406
0.670555
0.762165
0.58065
0.143586
0.820131
0.393343
0.659032
0.860588
0.888446
0.625754
0.583291
0.517527
0.991842
0.929417
0.0693442
0.232695
0.959814
0.640724
0.00912786
0.781711
0.762455
0.618103
0.466752
0.994557
0.456355
0.353671
0.306425
0.60817
0.788392
0.315689
0.287786
0.938585
0.676731
0.715061
0.837775
0.771818
0.70097
0.875231
0.202035
0.942412
0.473656
0.402303
0.229458
0.739408
0.536047
0.958835
0.333162
0.175304
0.763071
0.215348
0.158484
0.155606
0.145667
0.530314
0.104988
0.615526
0.743589
0.995729
0.773165
0.985115
0.0642149
0.651326
0.75934
0.867799
0.043368
0.746786
0.216844
0.652124
0.121313
0.263819
0.174765
0.517424
0.245828
0.970243
0.882016
0.34919
0.351421
0.740057
0.368012
0.862197
0.911457
0.592684
0.997621
0.585248
0.229283
0.149093
0.433575
0.802715
0.376098
0.523664
0.469654
0.383798
0.016858
0.452648
0.614889
0.710237
0.461623
0.655108
0.824785
0.645204
0.151276
0.513436
0.0490103
0.035401
0.219202
0.569427
0.892724
0.887555
0.825195
0.725673
0.799742
0.714036
0.184255
0.447337
0.155189
0.972588
0.840754
0.228521
0.938846
0.166053
0.718153
0.54971
0.80121
0.20473
0.11435
0.372047
0.62164
0.433151
0.483917
0.5873
0.523785
0.885498
0.339639
0.987027
0.0873765
0.199426
0.965035
0.297007
0.394256
0.571199
0.225881
0.63795
0.950496
0.618445
0.463145
0.829006
0.339958
0.304269
0.336975
0.469044
0.904827
0.56649
0.21813
0.831107
0.106741
0.109769
0.730929
0.259278
0.310534
0.726776
0.606326
0.822505
0.219703
0.0352135
0.294302
0.00366592
0.280536
0.129516
0.760463
0.697276
0.668887
0.712635
0.839858
0.366811
0.650418
0.196609
0.77641
0.830076
0.187876
0.301729
0.501561
0.45947
0.714871
0.806332
0.864575
0.780363
0.904202
0.757189
0.478759
0.0927545
0.156192
0.293225
0.794639
0.978841
0.661937
0.533927
0.759278
0.1615
0.427136
0.0289821
0.490568
0.24498
0.19408
0.852953
0.910881
0.423232
0.210565
0.440047
0.251207
0.424326
0.0404066
0.667885
0.0499745
0.775535
0.378669
0.074279
0.544108
0.0950905
0.440727
0.874205
0.227466
0.538265
0.119223
0.197571
0.122455
0.134925
0.440605
0.492747
0.695943
0.410992
0.761868
0.980196
0.495273
0.460506
0.15836
0.952718
0.215907
0.941164
0.180722
0.0439317
0.694216
0.272788
0.396566
0.740544
0.325549
0.405446
0.695359
0.162405
0.108631
0.731189
0.0795097
0.407418
0.967581
0.563553
0.67218
0.999756
0.418078
0.482399
0.759381
0.591954
0.542787
0.158328
0.966535
0.47091
0.369256
0.921853
0.654821
0.648746
0.473233
0.018892
0.530635
0.336843
0.831778
0.758495
0.427231
0.981507
0.0554314
0.228837
0.406558
0.668059
0.204987
0.150276
0.742112
0.938542
0.245069
0.00235653
0.827047
0.929745
0.292938
0.971287
0.243933
0.593613
0.111231
0.938163
0.386334
0.752241
0.675337
0.497529
0.710116
0.743146
0.513692
0.804089
0.666079
0.540124
0.690823
0.739484
0.86921
0.867224
0.608525
0.828981
0.790839
0.785593
0.473703
0.840452
0.379599
0.384384
0.355411
0.343445
0.103176
0.873224
0.302119
0.76337
0.675211
0.544259
0.182881
0.380737
0.386303
0.85196
0.671411
0.0423814
0.250996
0.061956
0.822351
0.161627
0.752683
0.950574
0.269698
0.413113
0.966192
0.357731
0.328649
0.841217
0.761595
0.555128
0.695978
0.976514
0.289261
0.114725
0.141711
0.0920284
0.468537
0.215944
0.0460641
0.112104
0.691888
0.793848
0.708417
0.248489
0.230238
0.745174
0.979875
0.616268
0.627123
0.815297
0.870997
0.537017
0.469986
0.994165
0.0860793
0.623995
0.148432
0.870742
0.187559
0.402758
0.60485
0.702038
0.257732
0.622607
0.0213252
0.971637
0.623149
0.401174
0.258979
0.314211
0.823506
0.929466
0.846892
0.924585
0.00717926
0.362546
0.345459
0.439699
0.360334
0.773388
0.845368
0.735319
0.8896
0.226094
0.427489
0.175649
0.237924
0.397554
0.52848
0.363608
0.698476
0.268425
0.210106
0.22058
0.440029
0.966656
0.568839
0.469271
0.464704
0.528134
0.930421
0.995937
0.767478
0.187346
0.0127982
0.154564
0.740933
0.331935
0.0465726
0.608934
0.0911645
0.453239
0.523826
0.0722193
0.236023
0.701467
0.055495
0.432817
0.113834
0.62922
0.665272
0.18377
0.247776
0.1082
0.115375
0.532457
0.11539
0.877383
0.788012
0.948701
0.868543
0.536202
0.207168
0.556595
0.145148
0.559818
0.157857
0.677715
0.677068
0.13634
0.0217803
0.356341
0.395169
0.240666
0.259993
0.422249
0.0450236
0.559733
0.143646
0.210384
0.93235
0.0102937
0.586891
0.0819035
0.797405
0.462577
0.166869
0.386473
0.883266
0.187103
0.900298
0.460268
0.758666
0.0539097
0.405814
0.108213
0.901098
0.602332
0.656321
0.600684
0.145417
0.474022
0.943706
0.88345
0.963587
0.0291027
0.427241
0.371168
0.538201
0.324776
0.376952
0.615719
0.90669
0.641148
0.590691
0.451849
0.0658774
0.81723
0.0632155
0.91746
0.124876
0.152423
0.794836
0.937233
0.0836897
0.780674
0.275812
0.79546
0.586225
0.850433
0.278119
0.939835
0.110477
0.824746
0.504898
0.578679
0.2341
0.388351
0.0798269
0.232171
0.755773
0.729215
0.607231
0.995405
0.425941
0.656199
0.891503
0.136505
0.79202
0.676166
0.562717
0.283753
0.198597
0.418257
0.972338
0.522374
0.170031
0.753894
0.447357
0.39405
0.643149
0.547956
0.797069
0.903112
0.38417
0.24265
0.127774
0.0731887
0.473356
0.407477
0.766228
0.604956
0.601868
0.564495
0.201186
0.901837
0.175969
0.202497
0.418112
0.550127
0.723033
0.508272
0.838649
0.471316
0.0622475
0.625219
0.622249
0.162389
0.0112447
0.369183
0.94134
0.606949
0.292621
0.965795
0.678972
0.603367
0.979975
0.296405
0.739058
0.500079
0.825384
0.40543
0.378088
0.939463
0.0830612
0.431344
0.296399
0.621436
0.460644
0.00533473
0.23081
0.359378
0.183422
0.107264
0.334315
0.700951
0.506415
0.501954
0.544352
0.612783
0.073073
0.660321
0.272027
0.670073
0.844199
0.834358
0.777386
0.964244
0.375755
0.112673
0.681557
0.529164
0.0423746
0.362223
0.638343
0.909369
0.757414
0.0468215
0.584875
0.132297
0.105243
0.897089
0.292683
0.740176
0.342985
0.834393
0.780139
0.0412087
0.968585
0.00462127
0.314297
0.673454
0.711828
0.704106
0.776616
0.86434
0.2213
0.170313
0.240489
0.47761
0.898417
0.553983
0.0799807
0.997171
0.723028
0.707726
0.228378
0.360763
0.857642
0.356543
0.0459982
0.623542
0.236097
0.209707
0.351185
0.403804
0.117821
0.596232
0.624628
0.284823
0.426591
0.297552
0.683332
0.295041
0.475777
0.856128
0.287955
0.263491
0.101616
0.405382
0.28222
0.608033
0.533149
0.494404
0.347127
0.525348
0.369367
0.651084
0.524449
0.545387
0.0820182
0.483493
0.670968
0.812577
0.298131
0.752583
0.321725
0.200137
0.518301
0.345673
0.412107
0.82037
0.234422
0.309726
0.391687
0.437028
0.0884466
0.296064
0.240457
0.911801
0.602344
0.268849
0.280312
0.678672
0.490139
0.898791
0.905421
0.984169
0.474833
0.668757
0.728237
0.789177
0.49051
0.99124
0.0673832
0.848596
0.628953
0.0881302
0.193837
0.467906
0.619752
0.246627
0.702351
0.172042
0.780684
0.717375
0.303787
0.667809
0.0461313
0.170613
0.795422
0.883099
0.262531
0.764884
0.312069
0.359426
0.733815
0.959062
0.105043
0.608707
0.314001
0.0466213
0.196044
0.413225
0.7763
0.946456
0.952121
0.0596603
0.230928
0.188179
0.107255
0.153477
0.889257
0.464384
0.743749
0.532176
0.0941412
0.0441341
0.807146
0.894113
0.187424
0.696574
0.952638
0.713156
0.0933847
0.197479
0.511152
0.222396
0.950103
0.679496
0.0172097
0.415986
0.425323
0.222549
0.772634
0.534807
0.91527
0.0479389
0.705293
0.161798
0.699757
0.500151
0.0789546
0.45441
0.249417
0.87533
0.281858
0.333441
0.130717
0.524318
0.690211
0.86536
0.641483
0.112277
0.68657
0.0942675
0.80027
0.0359212
0.100222
0.706817
0.476762
0.0989674
0.351132
0.677201
0.404182
0.56458
0.278563
0.642309
0.16297
0.243717
0.351947
0.817091
0.0718675
0.825875
0.704353
0.214059
0.169215
0.508225
0.866242
0.22216
0.392432
0.170881
0.710886
0.211163
0.827948
0.654746
0.152474
0.37757
0.238287
0.0111224
0.410041
0.562501
0.448216
0.361184
0.796664
0.908276
0.135306
0.871922
0.206351
0.37602
0.790224
0.437776
0.892837
0.177368
0.223449
0.0480741
0.714805
0.80822
0.610233
0.234588
0.123906
0.590955
0.891695
0.157002
0.781954
0.484785
0.31407
0.686224
0.0660131
0.753824
0.696088
0.424218
0.944432
0.168726
0.880185
0.348016
0.569467
0.826149
0.989875
0.0132806
0.654877
0.907711
0.541034
0.35074
0.46966
0.566743
0.220729
0.422534
0.635842
0.310763
0.999232
0.22048
0.59088
0.511664
0.362436
0.745491
0.132508
0.120905
0.981525
0.830693
0.935831
0.224512
0.210404
0.397034
0.118711
0.813057
0.162008
0.0686901
0.957188
0.0396233
0.220102
0.839677
0.492037
0.299355
0.499301
0.0789818
0.769737
0.976743
0.00791985
0.289897
0.242119
0.350272
0.0349128
0.776709
0.836877
0.306263
0.436976
0.713035
0.241139
0.988372
0.742325
0.386954
0.11283
0.522249
0.561527
0.431477
0.0403688
0.172001
0.634302
0.803721
0.581494
0.382184
0.823404
0.649705
0.113685
0.701002
0.500597
0.608114
0.230784
0.13632
0.777929
0.344102
0.787335
0.8631
0.415496
0.463988
0.133533
0.573583
0.153511
0.556507
0.237433
0.886661
0.682501
0.657535
0.718231
0.861272
0.337789
0.426355
0.731369
0.970801
0.722813
0.386667
0.469988
0.912791
0.499743
0.362168
0.623103
0.70808
0.926752
0.779237
0.771625
0.470776
0.363875
0.940832
0.701305
0.00769496
0.941611
0.283452
0.163523
0.0765003
0.494309
0.511646
0.385329
0.486642
0.366348
0.417393
0.250612
0.821244
0.274188
0.258725
0.866567
0.0805756
0.058217
0.485742
0.456189
0.992865
0.494308
0.869958
0.87218
0.424729
0.763056
0.303361
0.775389
0.248569
0.420857
0.364013
0.0957475
0.0097028
0.928809
0.0687755
0.612393
0.103678
0.118095
0.771967
0.422557
0.0615205
0.187692
0.779855
0.776419
0.192421
0.134634
0.523881
0.240147
0.0148621
0.814531
0.464204
0.288734
0.429738
0.366737
0.468263
0.637134
0.0635977
0.808539
0.318144
0.655772
0.283022
0.339895
0.667368
0.316659
0.558941
0.920034
0.790767
0.347179
0.642084
0.785444
0.509362
0.0804999
0.0875028
0.484938
0.113337
0.166521
0.00359815
0.958475
0.602479
0.0128463
0.545094
0.951597
0.185253
0.143825
0.129446
0.0428819
0.396822
0.454703
0.286022
0.454854
0.68394
0.718554
0.44891
0.120108
0.0207147
0.333268
0.162728
0.0124437
0.655042
0.212961
0.815694
0.0990384
0.133792
0.703209
0.951345
0.192021
0.70178
0.244395
0.737594
0.926
0.351574
0.24363
0.732508
0.919851
0.469064
0.917481
0.585613
0.232712
0.847946
0.980317
0.953157
0.218805
0.359666
0.313628
0.332497
0.504991
0.821045
0.748519
0.881265
0.807183
0.218363
0.219793
0.529081
0.939342
0.437975
0.985773
0.796976
0.569894
0.769109
0.00159508
0.898142
0.928615
0.417162
0.236152
0.574246
0.0733566
0.974643
0.117002
0.805848
0.252558
0.176047
0.932157
0.260165
0.68995
0.0195806
0.642211
0.59798
0.422386
0.320516
0.549612
0.206146
0.643714
0.923408
0.414276
0.501133
0.8108
0.0460898
0.648488
0.350192
0.202327
0.0260467
0.589694
0.241983
0.918278
0.123798
0.962581
0.777194
0.344061
0.744268
0.915765
0.782373
0.875311
0.78413
0.67373
0.735265
0.309298
0.429398
0.0424553
0.797436
0.557835
0.819612
0.352719
0.99508
0.136525
0.439953
0.206006
0.893175
0.631363
0.655726
0.0250477
0.534578
0.0815582
0.331613
0.514158
0.709812
0.0812047
0.0148085
0.317483
0.533407
0.042236
0.42607
0.647909
0.0590411
0.801535
0.15348
0.125824
0.817418
0.349187
0.418705
0.855465
0.899048
0.698849
0.718138
0.886539
0.470352
0.104895
0.754891
0.878114
0.129955
0.639055
0.131259
0.564977
0.815236
0.440824
0.688485
0.293522
0.221992
0.91472
0.726424
0.414405
0.16769
0.185224
0.631007
0.752213
0.173365
0.924725
0.165117
0.260015
0.426026
0.319532
0.433439
0.243482
0.205091
0.446492
0.508892
0.539241
0.110255
0.636884
0.806664
0.016569
0.807138
0.0605205
0.925137
0.264947
0.993064
0.667569
0.646323
0.940662
0.0413137
0.262215
0.309589
0.550501
0.754809
0.599972
0.126884
0.251378
0.0629222
0.521218
0.791163
0.918885
0.222525
0.337525
0.484951
0.0937725
0.000178635
0.956152
0.470277
0.49112
0.350809
0.47442
0.354799
0.83423
0.499536
0.464472
0.516249
0.853745
0.942375
0.376287
0.971441
0.584522
0.509449
0.0606637
0.801753
0.450959
0.830639
0.361158
0.434719
0.568314
0.922655
0.564591
0.992332
0.741795
0.697688
0.0538454
0.117665
0.765214
0.248403
0.779237
0.185489
0.542862
0.635129
0.669105
0.375543
0.0894442
0.910569
0.163231
0.236903
0.0990403
0.83397
0.987137
0.126772
0.931296
0.209659
0.776879
0.815467
0.0270478
0.66374
0.455056
0.174494
0.77541
0.597103
0.0398767
0.889586
0.15634
0.851163
0.523235
0.153617
0.403766
0.305459
0.177911
0.523138
0.520318
0.437947
0.523051
0.592938
0.344799
0.578709
0.799813
0.401662
0.471204
0.399302
0.60106
0.520718
0.0157938
0.40216
0.688156
0.850797
0.783648
0.736683
0.0645064
0.990406
0.779979
0.108152
0.759116
0.693834
0.623869
0.628356
0.624841
0.168907
0.350583
0.227
0.832577
0.187635
0.283339
0.312087
0.0976198
0.153099
0.851612
0.134874
0.635579
0.816861
0.259521
0.273373
0.864653
0.301097
0.95484
0.695986
0.54879
0.886037
0.461797
0.0757216
0.102883
0.0376259
0.887136
0.212367
0.858286
0.0780011
0.615996
0.505398
0.376147
0.820137
0.286394
0.00382644
0.130995
0.247132
0.36261
0.740897
0.86907
0.165821
0.276925
0.247187
0.54732
0.619044
0.882494
0.662602
0.919056
0.418357
0.299949
0.645352
0.0947102
0.771917
0.343773
0.0093717
0.499547
0.576017
0.51718
0.914994
0.523064
0.879547
0.0792843
0.610632
0.812813
0.844257
0.261236
0.186681
0.455578
0.941118
0.0710413
0.710694
0.0382098
0.0196346
0.517321
0.145044
0.407015
0.235995
0.0675005
0.960509
0.156658
0.600892
0.219231
0.789168
0.221961
0.21914
0.435073
0.352455
0.0521218
0.512207
0.656324
0.454282
0.021273
0.719742
0.549903
0.415223
0.0515324
0.132354
0.222768
0.320035
0.598751
0.0153505
0.751323
0.352875
0.716376
0.574914
0.710209
0.309135
0.940795
0.739923
0.282675
0.504699
0.456174
0.826999
0.819025
0.183786
0.298448
0.550686
0.749613
0.646487
0.817414
0.509639
0.36033
0.109936
0.759011
0.190044
0.522595
0.976538
0.679649
0.397504
0.371749
0.807386
0.538169
0.827414
0.262677
0.794125
0.88232
0.873576
0.878453
0.465769
0.533011
0.796288
0.545025
0.18982
0.739517
0.39017
0.239485
0.798033
0.796473
0.925155
0.961834
0.65301
0.423665
0.686245
0.460181
0.459127
0.912862
0.124957
0.658558
0.701168
0.550633
0.296665
0.0716542
0.908943
0.677474
0.10807
0.463983
0.798818
0.191236
0.555842
0.279709
0.828004
0.885922
0.0291007
0.157731
0.910045
0.654972
0.983287
0.656072
0.897727
0.381013
0.660318
0.992768
0.850475
0.403362
0.519816
0.632819
0.460227
0.340697
0.742118
0.336564
0.331447
0.676335
0.24767
0.614683
0.0836817
0.875572
0.967616
0.1118
0.451897
0.686644
0.841505
0.112723
0.126353
0.43328
0.345796
0.567434
0.71993
0.0375113
0.307008
0.851763
0.399043
0.371075
0.685007
0.501343
0.597616
0.125461
0.271468
0.330308
0.181901
0.642913
0.501586
0.344469
0.261437
0.18485
0.668026
0.145262
0.435818
0.044827
0.606318
0.00784725
0.997481
0.88224
0.407483
0.489729
0.929195
0.967397
0.797448
0.463287
0.73274
0.0140699
0.187428
0.222423
0.924493
0.824051
0.416198
0.928096
0.438946
0.732885
0.733062
0.652122
0.564669
0.467076
0.908588
0.220994
0.616621
0.0330943
0.845481
0.375494
0.694251
0.939031
0.218384
0.493237
0.258805
0.499456
0.386478
0.414016
0.888629
0.7186
0.050859
0.161585
0.712583
0.693384
0.734743
0.162284
0.437362
0.183608
0.349091
0.907253
0.116913
0.572663
0.813628
0.270674
0.842372
0.96111
0.969717
0.268387
0.174402
0.566301
0.603002
0.207638
0.318872
0.910602
0.0493538
0.388341
0.969539
0.845426
0.344875
0.777709
0.5859
0.915489
0.180125
0.404732
0.788827
0.256426
0.405662
0.678506
0.733036
0.456188
0.588986
0.141019
0.866018
0.394822
0.320442
0.589509
0.214053
0.566958
0.683723
0.831715
0.124486
0.355251
0.183763
0.856281
0.0121064
0.496821
0.200196
0.474196
0.78169
0.586625
0.395516
0.156432
0.816726
0.946391
0.932223
0.879155
0.597335
0.717145
0.574692
0.8143
0.700589
0.736738
0.429425
0.54173
0.559025
0.537534
0.981908
0.867324
0.457393
0.532063
0.267798
0.337113
0.426543
0.12152
0.61413
0.268563
0.247082
0.0873603
0.387269
0.32928
0.712028
0.773389
0.417296
0.0482467
0.172459
0.331096
0.92549
0.165779
0.458017
0.439754
0.42048
0.66838
0.412636
0.943744
0.991897
0.241189
0.122995
0.169908
0.478459
0.487736
0.293591
0.971217
0.118684
0.221877
0.195082
0.270825
0.582997
0.552434
0.980347
0.66663
0.0162056
0.267059
0.198452
0.210925
0.280569
0.0623823
0.31171
0.823158
0.912786
0.028483
0.0980861
0.62332
0.993933
0.681584
0.681847
0.500609
0.175709
0.858277
0.510775
0.163475
0.512622
0.557787
0.12845
0.839259
0.0590363
0.95295
0.309212
0.918695
0.231331
0.993387
0.079411
0.489386
0.814331
0.572153
0.929469
0.64165
0.059261
0.451534
0.522869
0.312609
0.453008
0.356867
0.153076
0.565695
0.955267
0.369218
0.501032
0.957647
0.695158
0.111699
0.524691
0.926696
0.495486
0.366999
0.700531
0.918796
0.59011
0.568598
0.275387
0.425603
0.50706
0.088796
0.247684
0.463065
0.256613
0.109124
0.520101
0.816888
0.784512
0.823606
0.0122656
0.884186
0.345853
0.808712
0.107161
0.336836
0.545591
0.694657
0.387293
0.912469
0.253433
0.45861
0.422107
0.787155
0.203238
0.212731
0.167678
0.846269
0.628809
0.0749249
0.35347
0.704116
0.909699
0.0780931
0.201815
0.012931
0.584978
0.224929
0.141249
0.889274
0.992255
0.157736
0.311837
0.214126
0.082997
0.64842
0.374728
0.0681763
0.737278
0.797024
0.60771
0.382054
0.515199
0.494319
0.29783
0.394199
0.240684
0.553686
0.612081
0.12757
0.967262
0.310519
0.928699
0.865696
0.182464
0.328158
0.972984
0.112783
0.730965
0.612389
0.395236
0.537777
0.711116
0.438271
0.706726
0.367582
0.0566072
0.4138
0.282348
0.679581
0.636009
0.132999
0.819855
0.273877
0.886518
0.797447
0.833479
0.90896
0.832395
0.61509
0.718591
0.699097
0.330139
0.0185059
0.70694
0.682594
0.548007
0.25492
0.952082
0.664348
0.354133
0.251235
0.840957
0.218004
0.672678
0.00395507
0.609496
0.535078
0.747576
0.267874
0.897303
0.765022
0.88804
0.0420095
0.707375
0.460856
0.474146
0.379406
0.711917
0.261177
0.150539
0.0803954
0.0738262
0.543978
0.247739
0.325661
0.113652
0.826252
0.247546
0.0476928
0.91444
0.568874
0.443886
0.0499347
0.84753
0.186822
0.0972537
0.627632
0.327241
0.972579
0.609824
0.530147
0.393268
0.79855
0.722714
0.0304227
0.532306
0.710574
0.836222
0.403618
0.619945
0.658607
0.109166
0.619612
0.664835
0.664357
0.999364
0.538732
0.898119
0.415427
0.710354
0.941025
0.26801
0.382518
0.76768
0.916296
0.0394818
0.125883
0.633304
0.579588
0.934083
0.676548
0.245168
0.210854
0.664741
0.0845366
0.397227
0.973729
0.391123
0.0188134
0.0269721
0.202487
0.981072
0.173091
0.259548
0.30185
0.554354
0.572737
0.954655
0.957104
0.494925
0.454932
0.425508
0.817909
0.687098
0.487788
0.310939
0.0260048
0.768501
0.155254
0.298195
0.125186
0.948908
0.250705
0.560411
0.81229
0.0332064
0.407477
0.544389
0.692052
0.947003
0.554789
0.11754
0.880163
0.0474591
0.691373
0.152985
0.166024
0.457517
0.767482
0.881739
0.808192
0.222986
0.684058
0.492869
0.127066
0.564669
0.737973
0.0831525
0.972701
0.454444
0.217576
0.145128
0.683541
0.106959
0.661742
0.0202903
0.4648
0.790918
0.880797
0.904379
0.860795
0.732988
0.216475
0.871556
0.795256
0.912984
0.566591
0.739062
0.614775
0.480612
0.0789532
0.263079
0.240856
0.450013
0.869258
0.0238429
0.0863424
0.559696
0.803475
0.173036
0.102946
0.406838
0.144971
0.682128
0.974847
0.850519
0.768878
0.729476
0.69105
0.0767328
0.563781
0.123762
0.462969
0.934733
0.45854
0.546248
0.831437
0.176784
0.879215
0.216657
0.440374
0.318423
0.975787
0.976581
0.34509
0.789505
0.885201
0.296931
0.375238
0.307612
0.590365
0.0528727
0.29564
0.94646
0.872373
0.926972
0.734755
0.595531
0.620178
0.639659
0.742229
0.0905659
0.551865
0.818731
0.0644029
0.260442
0.40443
0.778226
0.136999
0.146625
0.949659
0.389778
0.945175
0.612979
0.409956
0.327441
0.0854954
0.158779
0.672587
0.60604
0.753978
0.407545
0.0268503
0.754948
0.348754
0.868238
0.40087
0.270336
0.0790521
0.8634
0.676224
0.152774
0.806129
0.878235
0.423994
0.701263
0.832393
0.733729
0.606015
0.085848
0.732365
0.862651
0.619326
0.55959
0.203974
0.546197
0.807161
0.353442
0.0442668
0.203502
0.356269
0.0145857
0.599357
0.556625
0.806454
0.272055
0.726647
0.348776
0.536788
0.742955
0.00113583
0.052249
0.586532
0.248573
0.00719327
0.672333
0.101465
0.822609
0.379722
0.422105
0.422316
0.229427
0.868332
0.826463
0.0152627
0.185774
0.901977
0.671587
0.280314
0.947335
0.53864
0.570553
0.933338
0.566357
0.796683
0.32866
0.224236
0.968841
0.942034
0.752433
0.459723
0.326203
0.99963
0.296107
0.146576
0.348687
0.515716
0.327165
0.627811
0.589968
0.387641
0.845154
0.947376
0.801939
0.409808
0.871976
0.387549
0.173278
0.694644
0.493745
0.223875
0.580963
0.30904
0.670631
0.371848
0.764063
0.434694
0.896622
0.0883633
0.603505
0.569072
0.910918
0.263791
0.875412
0.670677
0.82147
0.7513
0.0188187
0.837138
0.724538
0.627162
0.376998
0.950385
0.935796
0.819152
0.0821631
0.428196
0.145773
0.795719
0.292831
0.186116
0.369381
0.472382
0.192164
0.204401
0.531069
0.136411
0.708115
0.545725
0.938043
0.674518
0.307801
0.471752
0.0301611
0.238895
0.0459148
0.34405
0.417088
0.677163
0.953003
0.96391
0.320216
0.468924
0.833193
0.738689
0.930678
0.084841
0.461863
0.826165
0.269773
0.460018
0.434773
0.325099
0.536554
0.476284
0.700947
0.0958045
0.342979
0.157594
0.814681
0.43842
0.56523
0.168504
0.180515
0.818382
0.478974
0.390171
0.158087
0.73978
0.234864
0.179709
0.4231
0.195858
0.143546
0.734458
0.487078
0.395796
0.365739
0.103269
0.693065
0.639002
0.011104
0.466646
0.968956
0.668323
0.588473
0.242822
0.590928
0.756367
0.325257
0.215763
0.416289
0.246694
0.67849
0.563874
0.551053
0.918685
0.646486
0.610969
0.830215
0.697553
0.514296
0.523715
0.826937
0.446948
0.918633
0.108082
0.265325
0.441864
0.536752
0.815386
0.0232334
0.95409
0.845148
0.197829
0.194024
0.282277
0.366824
0.263984
0.0578932
0.974776
0.153142
0.347583
0.176675
0.111691
0.896671
0.0888281
0.140333
0.357841
0.102663
0.977497
0.166175
0.112315
0.638168
0.816711
0.906033
0.824543
0.331076
0.0340975
0.219127
0.0320377
0.394809
0.70129
0.597289
0.592726
0.494477
0.458895
0.519696
0.662821
0.681022
0.288386
0.191336
0.241258
0.386143
0.422104
0.73213
0.293854
0.135406
0.719085
0.367806
0.108285
0.0282594
0.517178
0.120854
0.703502
0.70892
0.764865
0.0685884
0.400447
0.247292
0.371553
0.329489
0.607161
0.297693
0.0695015
0.707064
0.850136
0.495669
0.926897
0.572459
0.403175
0.865659
0.405793
0.0215903
0.272635
0.00250065
0.663555
0.527676
0.107524
0.270441
0.82835
0.195409
0.906162
0.715296
0.44912
0.0694317
0.39732
0.795272
0.561265
0.608285
0.419424
0.526713
0.723039
0.680694
0.473418
0.32489
0.532706
0.254982
0.0772871
0.0579739
0.709539
0.455579
0.333527
0.778873
0.61922
0.0200887
0.549968
0.869957
0.537671
0.910603
0.767595
0.788745
0.412522
0.774674
0.765111
0.274257
0.0565096
0.969546
0.524361
0.0918785
0.968146
0.72379
0.945395
0.737206
0.0678858
0.37848
0.723516
0.385452
0.0146827
0.781523
0.105349
0.352728
0.599014
0.709782
0.175985
0.435141
0.202378
0.617128
0.456712
0.45098
0.763972
0.303137
0.729917
0.277027
0.377333
0.198454
0.58012
0.0993496
0.480241
0.621293
0.47383
0.348226
0.194152
0.798566
0.249528
0.932347
0.69565
0.934472
0.460462
0.53528
0.416519
0.003043
0.960652
0.050101
0.425466
0.232831
0.71509
0.963166
0.568197
0.00469321
0.391985
0.169742
0.529593
0.170628
0.284157
0.152022
0.194441
0.489673
0.229241
0.837614
0.350823
0.602599
0.336212
0.697629
0.00233948
0.720777
0.78293
0.223508
0.701886
0.723736
0.691426
0.343661
0.579532
0.623236
0.841412
0.568156
0.354871
0.123549
0.761995
0.478948
0.651889
0.319338
0.733244
0.0528029
0.845055
0.455824
0.0260856
0.439542
0.490453
0.98971
0.606938
0.484697
0.918691
0.321091
0.380263
0.886918
0.844233
0.296727
0.191992
0.945994
0.0629534
0.495175
0.317519
0.898102
0.646188
0.108728
0.940161
0.696411
0.0501646
0.373323
0.660127
0.636052
0.350895
0.097576
0.41306
0.325695
0.43134
0.541272
0.676095
0.421657
0.499969
0.166826
0.045317
0.0853542
0.523778
0.561242
0.469527
0.482526
0.939258
0.0804498
0.720057
0.435829
0.615457
0.00863504
0.0692878
0.372972
0.735426
0.74171
0.0927032
0.409611
0.185354
0.129832
0.435104
0.835318
0.120031
0.550409
0.9583
0.36932
0.547226
0.703179
0.752247
0.930942
0.23902
0.516834
0.372804
0.229981
0.761071
0.740216
0.543479
0.38152
0.729376
0.840531
0.497791
0.014957
0.848026
0.456129
0.740787
0.261195
0.636269
0.154168
0.234911
0.71169
0.182446
0.722068
0.771712
0.095258
0.586055
0.658861
0.947349
0.862326
0.644425
0.492362
0.795035
0.873675
0.188282
0.920847
0.800441
0.902609
0.183826
0.693778
0.0346927
0.0184518
0.824101
0.898865
0.0553691
0.190281
0.00512004
0.271944
0.333723
0.399581
0.854544
0.161802
0.622521
0.93128
0.698626
0.0439154
0.575817
0.0832646
0.887691
0.627268
0.0238786
0.437334
0.727146
0.110185
0.647847
0.526686
0.44907
0.22266
0.419835
0.638605
0.0424218
0.629049
0.360085
0.0853548
0.160829
0.943282
0.641337
0.906619
0.0120325
0.979739
0.442043
0.303391
0.506597
0.294553
0.156232
0.183272
0.21142
0.922102
0.0975958
0.0492844
0.702955
0.0717646
0.705344
0.163695
0.533263
0.0895323
0.400167
0.83091
0.561639
0.488395
0.329977
0.519693
0.796204
0.657436
0.897729
0.869248
0.366991
0.872766
0.10014
0.920033
0.838355
0.553404
0.287094
0.596818
0.268123
0.407713
0.586045
0.89796
0.615885
0.299189
0.191515
0.867263
0.359146
0.631081
0.665088
0.621255
0.821066
0.0546052
0.358497
0.783189
0.202544
0.656374
0.663236
0.0835804
0.0389655
0.462563
0.536984
0.271862
0.237025
0.609942
0.0847938
0.771937
0.9272
0.873213
0.840363
0.672743
0.713077
0.641777
0.20505
0.560414
0.771896
0.623096
0.473338
0.275541
0.26058
0.553726
0.986171
0.573773
0.0155013
0.497415
0.657751
0.55094
0.718486
0.335589
0.654213
0.739762
0.284847
0.786622
0.0332774
0.578294
0.789191
0.239153
0.0529568
0.227487
0.218619
0.829219
0.251344
0.334928
0.373917
0.237645
0.816355
0.61278
0.34367
0.960595
0.331617
0.674737
0.50809
0.800852
0.502135
0.00813496
0.226246
0.551155
0.573198
0.734252
0.00724614
0.364287
0.678147
0.0752101
0.585136
0.637167
0.275171
0.788431
0.0507329
0.198835
0.116463
0.237231
0.679685
0.981187
0.0159919
0.300155
0.771739
0.477619
0.0630708
0.203087
0.552496
0.706882
0.458417
0.0251203
0.625433
0.486057
0.562678
0.834444
0.420767
0.231848
0.0759296
0.518113
0.534414
0.811119
0.381366
0.994996
0.195914
0.877155
0.182407
0.886372
0.944812
0.274376
0.740615
0.852435
0.111229
0.888233
0.0385353
0.557532
0.35856
0.117961
0.7202
0.509884
0.557681
0.238186
0.359577
0.852305
0.190143
0.232903
0.0162873
0.65558
0.709507
0.447715
0.904517
0.774663
0.61594
0.0567619
0.478539
0.711145
0.885843
0.782967
0.913659
0.813518
0.635692
0.76311
0.155694
0.154026
0.617755
0.807914
0.321469
0.660742
0.903728
0.0604983
0.986092
0.17789
0.798215
0.361981
0.300529
0.61151
0.391813
0.0869391
0.427094
0.0767059
0.425902
0.111397
0.516713
0.900603
0.538876
0.445748
0.229707
0.134739
0.124153
0.605802
0.882703
0.307709
0.876844
0.949822
0.747852
0.209391
0.597742
0.773976
0.810467
0.460747
0.656433
0.975309
0.918311
0.944581
0.162128
0.764031
0.719645
0.507437
0.959592
0.298
0.775849
0.123816
0.902699
0.518265
0.0845135
0.985482
0.0883277
0.408556
0.618297
0.357125
0.158208
0.380136
0.480901
0.28226
0.760784
0.278261
0.772667
0.120965
0.748294
0.101933
0.890832
0.412107
0.332209
0.504102
0.669563
0.956306
0.457046
0.0604619
0.389094
0.89168
0.177467
0.0113586
0.0854992
0.435727
0.163211
0.887255
0.939492
0.269568
0.478607
0.633246
0.419295
0.888154
0.213651
0.524663
0.300844
0.838587
0.79083
0.98153
0.976007
0.249547
0.307068
0.272745
0.898257
0.182664
0.380386
0.199951
0.931929
0.680884
0.574208
0.336599
0.630239
0.592297
0.93308
0.653282
0.45335
0.0419747
0.258086
0.88705
0.857528
0.634948
0.413877
0.771908
0.197664
0.143473
0.668204
0.950813
0.038221
0.810422
0.0925002
0.295399
0.325624
0.736062
0.465963
0.387884
0.704316
0.426879
0.821947
0.418257
0.419162
0.964575
0.714846
0.226388
0.319251
0.356293
0.44715
0.461973
0.593167
0.958977
0.691719
0.670492
0.744425
0.669462
0.896533
0.165328
0.700029
0.122493
0.952768
0.0700329
0.421201
0.950181
0.076892
0.987857
0.976907
0.177935
0.973743
0.042838
0.692815
0.975861
0.963125
0.249484
0.402014
0.0979324
0.559303
0.821066
0.311741
0.438554
0.531168
0.622451
0.630998
0.641278
0.769764
0.260943
0.847075
0.547184
0.601784
0.987829
0.430791
0.534683
0.64648
0.000338674
0.842517
0.451332
0.5108
0.548087
0.292858
0.232666
0.0944922
0.0941892
0.315438
0.874231
0.0602058
0.550289
0.178928
0.627114
0.166236
0.916173
0.166663
0.055594
0.687698
0.495778
0.646394
0.426003
0.0497853
0.867748
0.988592
0.867142
0.780217
0.632865
0.909621
0.234713
0.785019
0.583196
0.17442
0.167682
0.146952
0.670009
0.103974
0.452794
0.556786
0.932455
0.939951
0.750862
0.79516
0.109693
0.0521352
0.201576
0.0147159
0.758019
0.988728
0.0444202
0.256106
0.165586
0.848993
0.805328
0.452488
0.248612
0.870254
0.142956
0.849688
0.238709
0.627444
0.671605
0.596498
0.198382
0.177757
0.0176911
0.340516
0.105248
0.961267
0.674764
0.661978
0.416134
0.151614
0.315412
0.324193
0.123637
0.965367
0.674847
0.661195
0.423861
0.236439
0.347797
0.445203
0.0973426
0.652091
0.628335
0.895876
0.131587
0.356656
0.433885
0.346294
0.650356
0.0537397
0.59099
0.993216
0.858974
0.0301011
0.984786
0.131073
0.840643
0.0297096
0.974792
0.965411
0.392243
0.708122
0.859562
0.556183
0.0997962
0.180795
0.844683
0.992493
0.696583
0.968819
0.572908
0.753038
0.482219
0.438746
0.717636
0.965292
0.811116
0.764604
0.0274729
0.806462
0.595761
0.067457
0.0718033
0.338359
0.00453585
0.19145
0.293896
0.24224
0.436313
0.380002
0.0850476
0.963681
0.597521
0.54223
0.296186
0.963738
0.488015
0.384172
0.198605
0.288591
0.785233
0.737512
0.100812
0.958485
0.934809
0.507348
0.707214
0.407854
0.515961
0.724029
0.035109
0.357946
0.919944
0.876606
0.338992
0.165033
0.905899
0.0458976
0.276732
0.769613
0.736121
0.818944
0.957121
0.602434
0.339396
0.510016
0.250865
0.0967326
0.955623
0.256315
0.577908
0.996113
0.790014
0.496259
0.830241
0.208491
0.987067
0.0285946
0.437751
0.260663
0.465831
0.580113
0.794226
0.436171
0.0327649
0.956054
0.898371
0.506333
0.53424
0.307847
0.870077
0.35521
0.483917
0.0216482
0.473788
0.753773
0.43336
0.569873
0.0349171
0.514294
0.186316
0.242787
0.610829
0.592689
0.345649
0.220661
0.963198
0.650149
0.261846
0.172962
0.796855
0.848114
0.090809
0.164444
0.210272
0.742913
0.203145
0.403128
0.286143
0.356419
0.828081
0.473772
0.701935
0.530034
0.951358
0.777475
0.926362
0.926916
0.656737
0.36648
0.184121
0.914535
0.0478022
0.771522
0.531473
0.110047
0.289508
0.438113
0.610364
0.196499
0.979802
0.351991
0.136757
0.490774
0.198816
0.642908
0.564757
0.631863
0.4383
0.988651
0.505531
0.265665
0.392098
0.564484
0.142684
0.0355744
0.737048
0.959196
0.978991
0.577039
0.244934
0.923805
0.922933
0.438693
0.0537239
0.655028
0.106547
0.0999055
0.0404744
0.812481
0.317388
0.095485
0.237041
0.570603
0.758231
0.547103
0.905533
0.912969
0.387692
0.990956
0.311239
0.142632
0.822489
0.418011
0.307503
0.349728
0.928172
0.509673
0.0608867
0.032666
0.183034
0.87898
0.670176
0.648577
0.194744
0.700327
0.660135
0.151513
0.287569
0.465791
0.557275
0.804302
0.371318
0.258231
0.10126
0.347107
0.051198
0.234121
0.229041
0.825626
0.966824
0.382722
0.939097
0.455947
0.414552
0.307229
0.702874
0.656571
0.798753
0.620258
0.917965
0.819569
0.77126
0.0906572
0.283122
0.899241
0.359476
0.301276
0.928694
0.0265346
0.801549
0.994975
0.468841
0.755932
0.675258
0.501995
0.616234
0.890355
0.605664
0.0191935
0.679632
0.479048
0.795441
0.483943
0.489654
0.969913
0.795969
0.736088
0.0238502
0.092275
0.607403
0.67398
0.960268
0.0170329
0.0222712
0.319827
0.7428
0.0571164
0.19714
0.157954
0.481981
0.557442
0.887387
0.728467
0.991237
0.645357
0.810964
0.167297
0.286777
0.169892
0.544887
0.698666
0.422446
0.639404
0.388592
0.313783
0.0257098
0.335268
0.945661
0.867292
0.672336
0.921681
0.249532
0.219004
0.903026
0.133779
0.765357
0.588387
0.0713722
0.636
0.531163
0.513149
0.731476
0.587396
0.186826
0.186883
0.465468
0.526466
0.798462
0.552496
0.903207
0.73669
0.0952212
0.540657
0.299916
0.552624
0.0877529
0.0389196
0.853673
0.183319
0.502084
0.823048
0.904763
0.249388
0.744706
0.477019
0.762408
0.0744411
0.895087
0.516983
0.376023
0.746082
0.428946
0.659017
0.18087
0.396646
0.132398
0.120302
0.859164
0.107661
0.598023
0.211349
0.2592
0.129236
0.49403
0.975402
0.723634
0.502806
0.933212
0.685685
0.762671
0.730391
0.552929
0.639687
0.985706
0.184413
0.106855
0.117502
0.460188
0.066416
0.968582
0.522015
0.330803
0.359293
0.509343
0.695754
0.870015
0.147131
0.983296
0.659442
0.804388
0.240665
0.94153
0.328061
0.882737
0.715238
0.285733
0.441664
0.12015
0.00822872
0.70057
0.435279
0.39163
0.0309157
0.259573
0.897732
0.174384
0.833133
0.879354
0.212519
0.827498
0.79946
0.187142
0.501163
0.211509
0.510651
0.272013
0.854008
0.400572
0.814594
0.0694712
0.273446
0.694009
0.493846
0.458959
0.1893
0.291192
0.969209
0.873005
0.56825
0.225844
0.217723
0.583733
0.95935
0.813716
0.784236
0.459479
0.0586722
0.435715
0.663661
0.0558198
0.917623
0.461665
0.525933
0.36052
0.147935
0.934254
0.127445
0.82375
0.775456
0.396521
0.576821
0.580622
0.00331569
0.781171
0.507533
0.797379
0.420996
0.445809
0.792686
0.99597
0.567556
0.283101
0.677559
0.286603
0.34674
0.438934
0.181224
0.316186
0.491177
0.160167
0.833714
0.662844
0.0250084
0.513364
0.152127
0.737429
0.771172
0.554364
0.0290534
0.691219
0.990257
0.209333
0.402302
0.394723
0.317315
0.806994
0.374712
0.500016
0.98981
0.398959
0.83395
0.354541
0.577099
0.975353
0.356607
0.752648
0.0597392
0.371554
0.532064
0.353327
0.576436
0.113579
0.643534
0.0219179
0.404104
0.13651
0.24046
0.00919151
0.552014
0.290671
0.248938
0.190685
0.0805609
0.520225
0.394782
0.884387
0.358763
0.151965
0.228163
0.243298
0.572837
0.441154
0.782322
0.35891
0.971
0.893733
0.140687
0.509137
0.747154
0.0721954
0.996035
0.0891893
0.470267
0.734988
0.517005
0.649294
0.599782
0.74204
0.385639
0.534814
0.86413
0.882921
0.598522
0.249342
0.931714
0.114796
0.656515
0.569889
0.49687
0.474401
0.587489
0.851252
0.856826
0.924708
0.899726
0.112161
0.598045
0.766371
0.700076
0.214544
0.641827
0.201409
0.268612
0.15942
0.552222
0.428813
0.611938
0.810538
0.149668
0.0263723
0.738657
0.862693
0.552009
0.325585
0.758044
0.665669
0.0497895
0.277605
0.023483
0.0870773
0.418995
0.424441
0.343842
0.724785
0.432028
0.644045
0.0628951
0.0177304
0.641514
0.114802
0.406326
0.369946
0.875254
0.325306
0.683577
0.584374
0.62786
0.428444
0.325357
0.767372
0.888911
0.632892
0.535403
0.696831
0.288453
0.97171
0.205825
0.885816
0.499993
0.358694
0.387564
0.998772
0.367064
0.19838
0.449885
0.305367
0.622543
0.523769
0.799413
0.558905
0.539098
0.665356
0.445692
0.149528
0.372045
0.482123
0.971081
0.633757
0.851976
0.712033
0.639448
0.900414
0.817952
0.54329
0.558314
0.846744
0.854169
0.176693
0.00175333
0.310126
0.518267
0.374838
0.7397
0.046977
0.487764
0.151464
0.165179
0.858213
0.56497
0.58019
0.921325
0.251002
0.0880435
0.425841
0.942437
0.948621
0.123702
0.9184
0.605156
0.233761
0.756398
0.234438
0.0899464
0.104975
0.0606145
0.309897
0.0771357
0.848901
0.239089
0.369316
0.460685
0.0427192
0.646055
0.0874373
0.872168
0.344985
0.235377
0.652553
0.120609
0.222636
0.522121
0.644553
0.205265
0.570816
0.81355
0.539053
0.989084
0.962603
0.248344
0.48789
0.569711
0.64615
0.968493
0.977868
0.882952
0.513364
0.0966489
0.758652
0.887088
0.0637258
0.856155
0.275777
0.3265
0.45508
0.117517
0.300285
0.776779
0.932903
0.667535
0.0053426
0.133202
0.968076
0.8983
0.465576
0.830562
0.0736963
0.19814
0.353149
0.959974
0.502226
0.807314
0.30712
0.0205775
0.198773
0.423717
0.0412197
0.623171
0.0651177
0.715215
0.989373
0.358237
0.178128
0.394293
0.0445221
0.863049
0.167643
0.314109
0.40861
0.53316
0.183391
0.409094
0.539377
0.533017
0.288247
0.596462
0.0740438
0.952334
0.783118
0.574039
0.134817
0.545376
0.588928
0.895613
0.381751
0.162273
0.0128821
0.634983
0.755986
0.802412
0.972294
0.0173997
0.188291
0.256064
0.740794
0.288595
0.448426
0.336115
0.726147
0.191943
0.00289232
0.632732
0.370758
0.76567
0.295359
0.40718
0.973425
0.595596
0.0343031
0.446053
0.847506
0.46162
0.586052
0.228512
0.160959
0.168041
0.0330769
0.445462
0.535971
0.223694
0.304715
0.601775
0.552098
0.791091
0.854982
0.018306
0.0134708
0.327906
0.94607
0.772575
0.495164
0.140647
0.787761
0.343718
0.43974
0.438551
0.451129
0.391408
0.667612
0.421029
0.0312738
0.984321
0.844622
0.497756
0.877346
0.0172684
0.145872
0.383675
0.623703
0.152987
0.969051
0.875035
0.893356
0.436282
0.511485
0.435443
0.226477
0.699624
0.306212
0.836649
0.827112
0.751664
0.573187
0.497774
0.849126
0.364637
0.0376192
0.278545
0.444045
0.606806
0.453926
0.470533
0.615867
0.206821
0.670946
0.648791
0.901222
0.988963
0.852838
0.613175
0.456009
0.121403
0.0894117
0.425395
0.970319
0.802982
0.615613
0.612839
0.0541459
0.922025
0.498789
0.587078
0.782315
0.892084
0.431201
0.646494
0.914723
0.287151
0.593765
0.689291
0.258919
0.791634
0.34987
0.509436
0.209331
0.19131
0.511929
0.297598
0.167749
0.378129
0.436567
0.887549
0.439256
0.0756173
0.144624
0.249918
0.296914
0.730927
0.234742
0.203932
0.700906
0.621414
0.385296
0.747091
0.915499
0.617381
0.264571
0.898152
0.208928
0.0281955
0.728981
0.774594
0.513797
0.273585
0.658249
0.341118
0.600027
0.539735
0.624288
0.358039
0.933746
0.144653
0.722067
0.819278
0.706677
0.325633
0.839355
0.0391601
0.800792
0.038021
0.528591
0.541192
0.819366
0.752073
0.562901
0.0298828
0.470609
0.216053
0.821276
0.844272
0.657552
0.082891
0.00989348
0.0279318
0.0532873
0.00676012
0.609924
0.143509
0.786951
0.886095
0.906563
0.525328
0.365141
0.290477
0.34965
0.223623
0.19315
0.690143
0.13479
0.245451
0.851816
0.169095
0.693291
0.691534
0.928506
0.937602
0.82729
0.534712
0.439851
0.5914
0.778586
0.25735
0.711718
0.234726
0.941616
0.479318
0.578776
0.694834
0.143516
0.200963
0.113335
0.650388
0.396236
0.6555
0.526286
0.44335
0.684836
0.692728
0.510658
0.978303
0.392036
0.690874
0.800077
0.429185
0.187558
0.220203
0.274117
0.481086
0.586466
0.204446
0.39919
0.247526
0.217502
0.0226627
0.443559
0.202596
0.0810489
0.0555369
0.0660213
0.380303
0.568286
0.672571
0.52713
0.402771
0.182087
0.370345
0.445527
0.60695
0.120645
0.235054
0.105875
0.570368
0.142357
0.885978
0.978637
0.943931
0.696599
0.956774
0.86244
0.683794
0.429926
0.106236
0.169975
0.0214588
0.950423
0.553477
0.157464
0.944573
0.943606
0.992792
0.951172
0.0773576
0.0239252
0.130852
0.647676
0.437409
0.675707
0.916013
0.190451
0.895506
0.613839
0.35066
0.8202
0.92279
0.951494
0.63494
0.887185
0.917684
0.422849
0.139541
0.909816
0.0450541
0.596193
0.72583
0.917765
0.839734
0.0206673
0.902023
0.0302883
0.0969886
0.739127
0.552658
0.0942879
0.3822
0.107688
0.0588236
0.248343
0.213826
0.266683
0.085572
0.703686
0.245472
0.49958
0.0460021
0.0363086
0.291162
0.45855
0.0418962
0.620496
0.100619
0.750361
0.405899
0.0443195
0.815703
0.681808
0.534733
0.184549
0.413631
0.888742
0.535165
0.946634
0.424901
0.668823
0.792541
0.91836
0.583738
0.919908
0.234168
0.582254
0.159884
0.349773
0.516592
0.936045
0.0967368
0.467327
0.528608
0.561466
0.117874
0.0624698
0.29837
0.936323
0.275376
0.966471
0.506174
0.353397
0.573806
0.956238
0.906554
0.0717474
0.317068
0.555719
0.192524
0.484877
0.0385498
0.739969
0.402387
0.346659
0.0684279
0.164777
0.0734048
0.110663
0.94887
0.0386241
0.423925
0.402575
0.49737
0.195807
0.223837
0.57853
0.172143
0.553979
0.0300362
0.774318
0.529434
0.386931
0.520103
0.771495
0.666179
0.557825
0.200229
0.119994
0.861345
0.597025
0.131167
0.360363
0.715528
0.0248182
0.783518
0.103057
0.246139
0.951978
0.314451
0.956891
0.375282
0.688601
0.819959
0.429253
0.889987
0.666255
0.361512
0.222323
0.719989
0.173821
0.648839
0.525832
0.179474
0.0502943
0.594932
0.995032
0.988784
0.556638
0.272143
0.50808
0.486059
0.20288
0.686107
0.243243
0.202111
0.952902
0.544186
0.0192145
0.203034
0.64114
0.3841
0.707057
0.40359
0.881383
0.596599
0.0172831
0.324024
0.788434
0.26957
0.768999
0.722164
0.88113
0.193919
0.885082
0.98822
0.785972
0.227972
0.986098
0.467605
0.366011
0.468227
0.0705273
0.428773
0.891009
0.17443
0.831305
0.013017
0.411012
0.0300364
0.838609
0.723552
0.199434
0.138905
0.0584782
0.686195
0.91104
0.542033
0.0401746
0.324402
0.561066
0.0168825
0.325693
0.253494
0.339503
0.461885
0.871168
0.674545
0.854028
0.106287
0.883649
0.442443
0.698737
0.2422
0.708486
0.202958
0.486201
0.0518827
0.650857
0.821993
0.394169
0.839441
0.0277545
0.678396
0.864775
0.217608
0.398336
0.267155
0.198613
0.0168939
0.383619
0.0852308
0.420645
0.411136
0.682194
0.702255
0.98181
0.4395
0.218879
0.802638
0.923538
0.45477
0.767009
0.317308
0.476069
0.00407284
0.444197
0.642177
0.101955
0.388827
0.90909
0.638618
0.325146
0.928712
0.559663
0.254883
0.36402
0.680126
0.458075
0.194032
0.990059
0.313694
0.923892
0.719204
0.662618
0.639669
0.732555
0.494757
0.423331
0.685488
0.287811
0.334138
0.610478
0.334241
0.267195
0.93862
0.925892
0.0291045
0.556376
0.529214
0.832387
0.899829
0.645237
0.273183
0.826292
0.888978
0.11807
0.699368
0.194892
0.0760604
0.0871444
0.427586
0.384133
0.363923
0.760023
0.539201
0.586606
0.963775
0.0370795
0.482993
0.61205
0.118432
0.399053
0.486525
0.571912
0.530843
0.0505961
0.292004
0.112915
0.522719
0.431199
0.17884
0.0348597
0.116693
0.30897
0.982834
0.905693
0.158904
0.731015
0.339819
0.763043
0.0787103
0.134134
0.400652
0.568379
0.896181
0.659434
0.740335
0.46085
0.227976
0.11636
0.0319675
0.0861941
0.552226
0.0347067
0.860681
0.593611
0.929216
0.0010187
0.389714
0.910722
0.357963
0.302391
0.165649
0.0348502
0.791104
0.611238
0.672928
0.271116
0.397709
0.904442
0.170643
0.182701
0.374414
0.192277
0.231742
0.322462
0.0405284
0.766029
0.734794
0.16098
0.90032
0.280254
0.538868
0.62173
0.956016
0.323516
0.0349377
0.0411149
0.86374
0.619166
0.483176
0.350213
0.105946
0.504642
0.0249272
0.27843
0.377106
0.385998
0.0103215
0.58153
0.910059
0.352946
0.492576
0.232399
0.136205
0.114794
0.0446061
0.573821
0.171353
0.6799
0.849979
0.809775
0.682718
0.861986
0.0619782
0.400993
0.117454
0.36724
0.809553
0.620963
0.585975
0.615978
0.934123
0.943704
0.420905
0.422796
0.141671
0.396005
0.316237
0.276684
0.816673
0.299382
0.408633
0.6282
0.473288
0.826093
0.166582
0.072413
0.637341
0.664218
0.326902
0.44897
0.482819
0.20881
0.279923
0.731046
0.79567
0.891027
0.888624
0.840626
0.591503
0.157436
0.842251
0.103691
0.0322584
0.105513
0.021024
0.147557
0.7095
0.0922254
0.435414
0.77358
0.944123
0.64266
0.535262
0.0686258
0.0874468
0.69261
0.844528
0.442315
0.120911
0.0824234
0.305768
0.880346
0.362178
0.393845
0.680528
0.431804
0.678476
0.445097
0.392673
0.708902
0.82648
0.925739
0.674843
0.357534
0.230112
0.551982
0.11756
0.761731
0.951387
0.178003
0.450785
0.351684
0.574089
0.158976
0.0591028
0.0795606
0.266827
0.833518
0.928242
0.2645
0.867168
0.44432
0.910932
0.217084
0.0606347
0.214819
0.10591
0.552031
0.533815
0.390988
0.808326
0.917253
0.720201
0.785841
0.754787
0.0982061
0.105581
0.482248
0.609331
0.228473
0.0341994
0.520587
0.596428
0.0307996
0.889561
0.511681
0.474369
0.177829
0.455356
0.651528
0.417844
0.98273
0.172864
0.238499
0.272029
0.748536
0.353028
0.138305
0.143861
0.607554
0.620065
0.351374
0.0763685
0.414464
0.62092
0.930605
0.396886
0.144849
0.0382127
0.466947
0.754181
0.304934
0.476123
0.1304
0.52841
0.712093
0.516894
0.100482
0.30187
0.423263
0.0985385
0.460525
0.190014
0.573532
0.669123
0.130925
0.351577
0.859979
0.725777
0.241956
0.105426
0.391495
0.540388
0.0235633
0.232092
0.194856
0.289973
0.33677
0.483434
0.709451
0.93255
0.542139
0.415051
0.117306
0.345392
0.523353
0.631114
0.193011
0.652466
0.601282
0.772882
0.0173366
0.00302064
0.0326377
0.122976
0.418532
0.92551
0.819661
0.919375
0.845546
0.797565
0.419272
0.417386
0.122231
0.944637
0.77925
0.740399
0.532857
0.325071
0.863801
0.957176
0.22462
0.28868
0.41848
0.348125
0.768655
0.474622
0.868981
0.123718
0.863128
0.574722
0.173459
0.47423
0.154296
0.924151
0.222878
0.87302
0.532962
0.39209
0.891511
0.160376
0.40922
0.614744
0.35345
0.725845
0.562311
0.0692391
0.0963265
0.727808
0.185072
0.0997024
0.488787
0.277299
0.711468
0.282461
0.0754315
0.53296
0.0339866
0.666324
0.709913
0.676922
0.599573
0.841936
0.810479
0.530596
0.942419
0.79101
0.940825
0.657462
0.696182
0.178682
0.258033
0.285838
0.113284
0.0677869
0.367591
0.0412362
0.532274
0.619844
0.326994
0.785007
0.717001
0.815842
0.609562
0.0617956
0.756442
0.739773
0.652511
0.939762
0.462063
0.913547
0.541912
0.576584
0.78634
0.191731
0.2621
0.559609
0.562735
0.297256
0.58459
0.303685
0.0759019
0.79889
0.170563
0.124821
0.207344
0.384023
0.4976
0.592354
0.808076
0.995544
0.248459
0.460638
0.256092
0.0470653
0.220282
0.969231
0.464329
0.255242
0.00207442
0.721376
0.555185
0.317277
0.751651
0.557029
0.00831085
0.764553
0.173446
0.152036
0.0553192
0.525379
0.764299
0.140722
0.0369341
0.600053
0.746034
0.391482
0.161299
0.132624
0.931035
0.264344
0.537823
0.47653
0.870012
0.825597
0.85969
0.124109
0.622857
0.469084
0.424343
0.78022
0.71642
0.735076
0.611579
0.626836
0.578677
0.135633
0.66154
0.0624616
0.73972
0.363266
0.321799
0.18502
0.180781
0.0733982
0.455226
0.324038
0.0541373
0.594179
0.150921
0.616082
0.125699
0.854285
0.357484
0.805914
0.679224
0.0939934
0.866203
0.25794
0.627003
0.437438
0.51448
0.88617
0.0251965
0.121184
0.837301
0.469951
0.541497
0.648347
0.218354
0.321543
0.922952
0.211094
0.573975
0.130291
0.112873
0.614137
0.249682
0.0975742
0.76619
0.655232
0.808731
0.282962
0.148645
0.588471
0.932114
0.00299287
0.475275
0.0983954
0.627971
0.914483
0.868021
0.513978
0.757008
0.375301
0.804347
0.731856
0.212698
0.699272
0.511837
0.901856
0.201969
0.862921
0.430833
0.791047
0.989934
0.59982
0.892088
0.788569
0.506488
0.0414294
0.84173
0.737636
0.431638
0.599589
0.656378
0.551882
0.480104
0.771414
0.2257
0.264646
0.387855
0.446757
0.562175
0.776825
0.579012
0.890426
0.718216
0.199959
0.12797
0.249879
0.115947
0.529718
0.976202
0.460522
0.199029
0.474785
0.15318
0.912232
0.0326807
0.0120264
0.787392
0.746071
0.729418
0.111316
0.142798
0.509446
0.0014779
0.259508
0.207283
0.284285
0.260218
0.706155
0.748333
0.806971
0.577668
0.682868
0.943151
0.886813
0.202729
0.687777
0.824749
0.837135
0.261566
0.394882
0.890912
0.279939
0.349227
0.726341
0.329396
0.358681
0.500649
0.442108
0.603193
0.874837
0.0866737
0.734667
0.218316
0.918717
0.170463
0.766109
0.00186753
0.33427
0.609612
0.19005
0.853924
0.671451
0.74439
0.0714662
0.467019
0.864213
0.137008
0.252051
0.76189
0.681534
0.871237
0.423404
0.633779
0.711825
0.307352
0.321417
0.798236
0.204273
0.0605379
0.990893
0.532842
0.314179
0.232338
0.119646
0.46855
0.867291
0.457927
0.168943
0.16275
0.571959
0.157157
0.278079
0.317323
0.215485
0.830584
0.787
0.206653
0.0888721
0.87664
0.026337
0.8719
0.403244
0.160727
0.852337
0.172812
0.0967821
0.955556
0.809439
0.49678
0.669201
0.182049
0.658372
0.938834
0.744158
0.193845
0.583545
0.115655
0.4151
0.206244
0.717603
0.442835
0.753874
0.0436185
0.642116
0.444427
0.0176563
0.577615
0.455526
0.871321
0.345565
0.104443
0.396896
0.971893
0.531589
0.661142
0.0382643
0.163159
0.616187
0.631099
0.638688
0.51698
0.56437
0.173584
0.633788
0.479888
0.123824
0.0174032
0.852087
0.0794862
0.541349
0.908027
0.748396
0.570783
0.103988
0.512183
0.435457
0.965177
0.495988
0.707873
0.778807
0.302427
0.0436616
0.302294
0.899257
0.89217
0.0425301
0.323969
0.0986644
0.00176227
0.948152
0.593315
0.955682
0.147154
0.733461
0.545509
0.572669
0.585709
0.548173
0.143453
0.333391
0.967371
0.669124
0.622711
0.436094
0.507509
0.00553012
0.869519
0.356544
0.762909
0.86305
0.594899
0.585186
0.262977
0.701373
0.386631
0.827586
0.500224
0.700731
0.906275
0.118048
0.75793
0.981312
0.683904
0.646144
0.415726
0.533292
0.28856
0.959095
0.623925
0.501491
0.446429
0.177902
0.0949283
0.966669
0.169758
0.347225
0.711606
0.996078
0.000663638
0.0810325
0.178323
0.277892
0.384815
0.788243
0.99915
0.539677
0.919436
0.828093
0.154837
0.990826
0.43759
0.143434
0.153875
0.371882
0.551187
0.0826103
0.558062
0.822174
0.249021
0.940399
0.00628394
0.209879
0.0300937
0.849307
0.513548
0.607914
0.710407
0.468511
0.62419
0.542758
0.380801
0.486709
0.286161
0.719415
0.173643
0.897383
0.614814
0.638308
0.748658
0.9937
0.901653
0.865358
0.230039
0.931212
0.223481
0.34277
0.933328
0.795889
0.25872
0.122582
0.921057
0.866681
0.232912
0.173332
0.582593
0.908704
0.077754
0.753687
0.0289618
0.252406
0.591147
0.111412
0.816198
0.430909
0.493366
0.378221
0.0142094
0.0911121
0.916323
0.290249
0.60083
0.496002
0.0593653
0.786259
0.825135
0.861177
0.288661
0.74935
0.0462524
0.61645
0.0926568
0.110716
0.295152
0.979958
0.378047
0.659954
0.293111
0.573182
0.511137
0.624198
0.00453359
0.899856
0.976209
0.666098
0.740782
0.0173526
0.542451
0.932153
0.664353
0.0322201
0.0759425
0.0891602
0.361653
0.633921
0.223662
0.681507
0.181883
0.695023
0.857346
0.721392
0.398464
0.742694
0.983065
0.146689
0.878144
0.646613
0.813892
0.997414
0.642731
0.216198
0.294658
0.529808
0.160141
0.513335
0.18475
0.261137
0.561589
0.0414679
0.935246
0.385521
0.0965831
0.397323
0.162758
0.615405
0.33818
0.0929804
0.33203
0.5979
0.0932815
0.829476
0.758073
0.781367
0.0279533
0.134713
0.692083
0.931227
0.189138
0.955238
0.60752
0.0390838
0.432518
0.140946
0.421627
0.903982
0.89911
0.671225
0.610041
0.318672
0.916947
0.0508447
0.322293
0.655824
0.403119
0.90647
0.980272
0.394329
0.461016
0.972429
0.0959299
0.725031
0.720154
0.203233
0.540852
0.559078
0.856321
0.916251
0.307839
0.563901
0.52095
0.703648
0.00486755
0.636349
0.564832
0.649451
0.987139
0.566953
0.650585
0.696068
0.483323
0.602512
0.51095
0.153363
0.330884
0.635965
0.831492
0.884106
0.318663
0.78313
0.476689
0.924833
0.971179
0.921482
0.774711
0.711035
0.725114
0.130442
0.0932441
0.355124
0.179306
0.580755
0.0832902
0.75722
0.142886
0.360018
0.750418
0.790882
0.610651
0.587605
0.239884
0.856083
0.492719
0.603826
0.164377
0.559091
0.938276
0.741784
0.626992
0.746943
0.180291
0.0119382
0.103675
0.167845
0.890477
0.810922
0.694318
0.175705
0.410113
0.942133
0.440859
0.170235
0.036163
0.96284
0.171104
0.413007
0.321035
0.0280621
0.503411
0.836905
0.728117
0.803932
0.0194763
0.819148
0.134961
0.610047
0.161103
0.210207
0.0406438
0.424362
0.897633
0.202369
0.177031
0.305882
0.406821
0.451128
0.087592
0.293174
0.365074
0.537113
0.306655
0.362225
0.166917
0.732832
0.643064
0.445654
0.150964
0.76251
0.520932
0.0214549
0.797139
0.99963
0.721406
0.934953
0.153423
0.297223
0.458963
0.178266
0.598885
0.453044
0.081683
0.36915
0.799516
0.434766
0.30968
0.437235
0.595952
0.658807
0.180755
0.348195
0.402716
0.560344
0.669154
0.384845
0.70966
0.268019
0.163151
0.404331
0.986068
0.818924
0.131091
0.78965
0.408358
0.664444
0.0748159
0.770178
0.0570688
0.430487
0.24475
0.443029
0.943493
0.683031
0.00189126
0.489555
0.725777
0.660281
0.14162
0.79752
0.475587
0.0400307
0.0205351
0.642442
0.198405
0.145489
0.376314
0.725044
0.565622
0.548088
0.872603
0.891704
0.317233
0.296628
0.422443
0.560405
0.486069
0.819285
0.918947
0.506992
0.1649
0.481262
0.702509
0.817856
0.317689
0.112618
0.2783
0.21872
0.599306
0.198403
0.408845
0.163863
0.267648
0.522542
0.677967
0.668632
0.544694
0.594874
0.320107
0.272697
0.522985
0.810448
0.21026
0.0441471
0.559789
0.920161
0.657026
0.991574
0.941582
0.351158
0.0425602
0.480595
0.361044
0.379279
0.0860559
0.860319
0.036164
0.0986305
0.579837
0.718973
0.359146
0.1246
0.0982311
0.709664
0.619727
0.191083
0.448451
0.731545
0.323328
0.67052
0.0795507
0.244862
0.466655
0.137191
0.0527614
0.861504
0.680006
0.44618
0.989047
0.114346
0.139093
0.247345
0.0576537
0.642978
0.553038
0.702949
0.0272481
0.257546
0.934731
0.264575
0.731993
0.972064
0.206594
0.875403
0.17845
0.427842
0.824328
0.642839
0.883362
0.781435
0.298928
0.991563
0.801345
0.794154
0.999174
0.794329
0.444053
0.623616
0.0520201
0.938986
0.0986409
0.201124
0.546082
0.605169
0.822538
0.801509
0.959922
0.437258
0.624894
0.143708
0.796745
0.114495
0.969823
0.0526802
0.0445396
0.71869
0.174428
0.200631
0.539809
0.393452
0.587969
0.532856
0.974972
0.441897
0.0851771
0.329559
0.94339
0.147169
0.860905
0.0666251
0.912276
0.568016
0.789869
0.308215
0.0771348
0.202308
0.288408
0.604861
0.680888
0.829785
0.992797
0.441629
0.39683
0.376696
0.253437
0.357536
0.501477
0.503744
0.457825
0.499144
0.397064
0.798981
0.639024
0.840225
0.755559
0.63973
0.90393
0.0199589
0.497568
0.349431
0.667957
0.810826
0.827873
0.85018
0.631685
0.488903
0.247024
0.433183
0.641332
0.901964
0.694664
0.798672
0.765822
0.143161
0.37317
0.729165
0.86085
0.337512
0.0499136
0.783494
0.591865
0.635969
0.973385
0.704641
0.103248
0.865864
0.308756
0.114084
0.774478
0.433096
0.85722
0.79957
0.562116
0.960736
0.515275
0.121258
0.344959
0.56615
0.958734
0.429051
0.2161
0.540618
0.524758
0.828882
0.541567
0.271202
0.012915
0.626982
0.15305
0.370838
0.514593
0.765145
0.255826
0.878787
0.131199
0.994143
0.754588
0.0748917
0.380095
0.229465
0.197493
0.863655
0.779572
0.364471
0.927645
0.767316
0.646911
0.5187
0.744038
0.856349
0.484945
0.182354
0.649041
0.456318
0.824951
0.728193
0.867844
0.180359
0.643095
0.250171
0.714265
0.711594
0.720022
0.346939
0.695442
0.841881
0.840697
0.258049
0.0117496
0.0202317
0.209963
0.495077
0.688163
0.219469
0.305004
0.960501
0.158585
0.987787
0.19125
0.0600897
0.327568
0.33275
0.0339022
0.606477
0.61198
0.669656
0.811076
0.24242
0.806298
0.842063
0.741896
0.681245
0.182641
0.916981
0.441609
0.863234
0.607919
0.847932
0.496345
0.72581
0.304355
0.96963
0.644794
0.238758
0.642253
0.97574
0.952848
0.0223687
0.334625
0.997233
0.475365
0.650295
0.565452
0.447677
0.647215
0.871955
0.0520577
0.0527427
0.177849
0.990484
0.684472
0.496523
0.882209
0.518947
0.19351
0.518961
0.359285
0.253313
0.644902
0.244324
0.125707
0.753337
0.0655577
0.402966
0.00150824
0.881287
0.239513
0.441935
0.203469
0.234816
0.526406
0.619682
0.886923
0.507634
0.872519
0.366042
0.0778938
0.865726
0.776142
0.168515
0.419226
0.983989
0.757693
0.462066
0.0269837
0.801114
0.0479101
0.287973
0.362392
0.602875
0.741588
0.763957
0.00391227
0.0492043
0.618726
0.582277
0.499924
0.70846
0.255682
0.642035
0.321847
0.649705
0.713458
0.117306
0.423215
0.752976
0.745494
0.30348
0.551613
0.277893
0.0518687
0.736251
0.454344
0.0468271
0.628288
0.659782
0.611752
0.790833
0.156881
0.09823
0.759212
0.603291
0.895835
0.258308
0.958796
0.588462
0.25371
0.967812
0.0453439
0.389135
0.0703219
0.523956
0.159157
0.89089
0.462532
0.793256
0.254696
0.574385
0.62962
0.254521
0.538876
0.348626
0.630913
0.208621
0.753595
0.237231
0.222877
0.511295
0.12762
0.0769756
0.235601
0.321654
0.0672037
0.946552
0.547604
0.166998
0.216426
0.346843
0.139236
0.0329797
0.892541
0.182304
0.00323999
0.718735
0.424896
0.63968
0.0675077
0.0059191
0.368441
0.811619
0.82723
0.168815
0.166904
0.190599
0.433943
0.0622461
0.1945
0.733831
0.572428
0.991195
0.00458753
0.256372
0.589773
0.70607
0.565619
0.577512
0.700562
0.813665
0.858548
0.033374
0.695721
0.26859
0.675232
0.608188
0.856799
0.605988
0.866325
0.716531
0.354199
0.321968
0.46609
0.699224
0.217039
0.164932
0.322284
0.318474
0.605749
0.77961
0.0417322
0.677302
0.833069
0.0911139
0.443118
0.980207
0.682407
0.687847
0.353363
0.578547
0.0519896
0.32238
0.674091
0.101967
0.0449041
0.0705099
0.793765
0.0673513
0.409244
0.190283
0.646755
0.319602
0.389387
0.323739
0.681471
0.641248
0.405842
0.454231
0.0560811
0.452281
0.324497
0.632314
0.53091
0.669058
0.674265
0.485404
0.631781
0.251184
0.985364
0.0103443
0.0882258
0.620417
0.790633
0.376025
0.440793
0.612654
0.559521
0.804885
0.242325
0.213573
0.694543
0.675854
0.313342
0.775432
0.934808
0.791137
0.0509443
0.791532
0.774997
0.738026
0.57948
0.921394
0.660874
0.42227
0.353976
0.77815
0.857533
0.698263
0.138535
0.329212
0.342215
0.303982
0.383146
0.129694
0.280686
0.963444
0.940865
0.246118
0.5496
0.801371
0.0418407
0.349269
0.49407
0.930338
0.650621
0.687167
0.490861
0.13943
0.888417
0.802907
0.568326
0.900794
0.248319
0.322559
0.809678
0.7844
0.863004
0.658454
0.193818
0.29495
0.668937
0.359812
0.549058
0.347317
0.348951
0.939914
0.162662
0.530579
0.832337
0.586532
0.253447
0.675402
0.679807
0.0458158
0.954491
0.480608
0.0421189
0.651599
0.944603
0.225536
0.0473114
0.547158
0.975012
0.567681
0.937882
0.307546
0.902709
0.882802
0.864858
0.223537
0.995901
0.574651
0.114665
0.514475
0.911531
0.138104
0.91104
0.35576
0.0368326
0.643781
0.655295
0.296889
0.795429
0.922129
0.56308
0.777508
0.487953
0.209906
0.730435
0.13473
0.624033
0.50857
0.451649
0.767433
0.86596
0.734862
0.114996
0.538916
0.130755
0.664811
0.250513
0.366456
0.667034
0.622519
0.394147
0.557448
0.15272
0.172659
0.079985
0.581754
0.498851
0.844534
0.770822
0.646542
0.732322
0.559187
0.71504
0.297915
0.453485
0.727619
0.853385
0.268543
0.407855
0.0088225
0.455498
0.539856
0.574164
0.931726
0.396041
0.18913
0.981791
0.842441
0.677058
0.130127
0.324641
0.270057
0.177446
0.261385
0.178128
0.88952
0.193017
0.727169
0.600999
0.861626
0.500647
0.271451
0.780999
0.554409
0.936455
0.647635
0.34081
0.244575
0.396919
0.720264
0.303482
0.0209574
0.763417
0.751275
0.603282
0.823056
0.592543
0.674418
0.473464
0.263913
0.6447
0.8701
0.349206
0.597762
0.266863
0.76868
