0.234592
0.277933
0.18654
0.278653
0.638034
0.624846
0.877707
0.445265
0.842966
0.466359
0.739682
0.0118679
0.169543
0.459017
0.557319
0.774544
0.377188
0.054143
0.674918
0.926272
0.352458
0.317805
0.361434
0.515902
0.561558
0.0110749
0.619624
0.0984981
0.758825
0.8508
0.465502
0.721173
0.491932
0.227647
0.0841923
0.818253
0.953186
0.666334
0.742069
0.845731
0.139975
0.166666
0.225087
0.472122
0.33531
0.202421
0.818856
0.517452
0.886806
0.702868
0.145561
0.54
0.241883
0.198821
0.482054
0.497975
0.0147213
0.58733
0.288917
0.880699
0.765744
0.984465
0.774315
0.671532
0.458495
0.950819
0.496152
0.478285
0.6147
0.407702
0.567173
0.656199
0.0632271
0.322708
0.945416
0.151083
0.546451
0.307844
0.809853
0.168958
0.188072
0.16019
0.26794
0.899979
0.784844
0.29
0.0534748
0.136161
0.67934
0.268274
0.293564
0.888784
0.174357
0.635024
0.197936
0.134943
0.396906
0.208563
0.255948
0.0411438
0.246009
0.787526
0.0156998
0.0670896
0.197906
0.944439
0.253478
0.285916
0.0200245
0.297563
0.991214
0.845154
0.544029
0.423897
0.711131
0.605681
0.634791
0.522196
0.1892
0.633262
0.615939
0.987726
0.62195
0.063713
0.721406
0.953351
0.583025
0.959393
0.50714
0.744763
0.834659
0.745602
0.102527
0.114078
0.0926325
0.681657
0.821642
0.869103
0.657746
0.311802
0.96037
0.103067
0.608326
0.18738
0.699789
0.983505
0.0444892
0.0159879
0.779512
0.572054
0.934053
0.472663
0.790359
0.115878
0.356138
0.00692236
0.46126
0.589602
0.2287
0.856185
0.952996
0.852528
0.667157
0.397703
0.0886655
0.877413
0.79377
0.963542
0.878658
0.222777
0.48927
0.0946548
0.944569
0.393731
0.310291
0.0153005
0.0236104
0.661021
0.0611922
0.423963
0.504919
0.950888
0.298805
0.133523
0.953058
0.415856
0.554235
0.0869681
0.0598819
0.272974
0.819511
0.772955
0.474255
0.125262
0.711064
0.802882
0.822954
0.1743
0.545842
0.615347
0.624007
0.934525
0.785069
0.731253
0.715336
0.32761
0.0330731
0.376438
0.651155
0.0108893
0.0521591
0.915174
0.945023
0.307501
0.0534742
0.411232
0.0206534
0.130702
0.459108
0.536973
0.0641564
0.702282
0.0961578
0.0227387
0.366572
0.470227
0.748351
0.533857
0.282778
0.349126
0.212844
0.976486
0.351854
0.625928
0.574186
0.695825
0.414174
0.138645
0.286301
0.4118
0.697818
0.578225
0.483939
0.787054
0.531861
0.518922
0.0067445
0.666809
0.540642
0.049636
0.0600274
0.455419
0.677145
0.689451
0.0907701
0.59865
0.465684
0.133601
0.420702
0.151582
0.444142
0.689585
0.431317
0.653101
0.0228289
0.810243
0.935421
0.0701711
0.0838141
0.126496
0.743119
0.546441
0.916367
0.927668
0.807995
0.105142
0.962255
0.089597
0.462852
0.378137
0.389896
0.831885
0.161291
0.191412
0.169338
0.439567
0.850319
0.383596
0.920808
0.581744
0.238505
0.476887
0.959095
0.865446
0.586698
0.829798
0.755389
0.421657
0.161128
0.949429
0.777859
0.324991
0.829559
0.423974
0.391261
0.875347
0.965889
0.379023
0.153494
0.0611687
0.317261
0.485738
0.66767
0.19134
0.65676
0.491704
0.442906
0.187871
0.887794
0.372675
0.640659
0.3165
0.741183
0.11579
0.657993
0.212501
0.546035
0.643286
0.274595
0.552062
0.625673
0.505276
0.933634
0.100884
0.24213
0.560899
0.285234
0.799134
0.11504
0.827575
0.558838
0.341081
0.8209
0.271057
0.724148
0.60198
0.714206
0.940581
0.133597
0.0675109
0.5407
0.246532
0.563407
0.0592218
0.430864
0.168871
0.152311
0.989129
0.757086
0.127147
0.827027
0.72432
0.122084
0.929311
0.233258
0.0238431
0.601421
0.011664
0.509522
0.281355
0.514957
0.978098
2.26498e-05
0.846313
0.815623
0.312065
0.613238
0.569363
0.960396
0.50446
0.547031
0.0268022
0.153013
0.972568
0.148793
0.821044
0.621828
0.691205
0.718524
0.670651
0.433167
0.0676485
0.250645
0.273224
0.873629
0.0268431
0.166839
0.693445
0.0341496
0.051755
0.519451
0.672423
0.218466
0.651891
0.635173
0.366756
0.708998
0.219474
0.294031
0.750829
0.707748
0.750452
0.707914
0.293764
0.61299
0.420624
0.0222048
0.447828
0.509563
0.251085
0.0626714
0.309522
0.350047
0.173724
0.292762
0.265004
0.764505
0.715696
0.00217289
0.483964
0.956574
0.956855
0.655688
0.0705674
0.824387
0.553118
0.330731
0.762566
0.510701
0.385701
0.0248806
0.000356078
0.491538
0.346167
0.2468
0.545496
0.456985
0.71604
0.41808
0.974309
0.0838389
0.279672
0.73681
0.908692
0.280793
0.585048
0.137033
0.691796
0.984794
0.531815
0.446818
0.557985
0.84147
0.928392
0.0382279
0.0887264
0.990475
0.526529
0.543427
0.941673
0.473549
0.886284
0.800513
0.0857303
0.569294
0.799555
0.233415
0.0465719
0.462511
0.115366
0.712126
0.985381
0.401725
0.930274
0.477092
0.0970196
0.615714
0.306742
0.412138
0.515003
0.336747
0.205514
0.763716
0.117764
0.289768
0.14917
0.26597
0.90476
0.656612
0.124937
0.110877
0.0416643
0.594566
0.266979
0.488817
0.85738
0.995944
0.031514
0.694578
0.858963
0.889103
0.424417
0.59068
0.656624
0.262555
0.368959
0.275177
0.983025
0.066227
0.908283
0.388884
0.777294
0.621408
0.253491
0.758404
0.367406
0.659068
0.852877
0.985073
0.462754
0.728437
0.0965503
0.267071
0.804181
0.244737
0.286915
0.301495
0.101988
0.603299
0.151114
0.442238
0.4541
0.0685436
0.0777181
0.977355
0.0655621
0.545142
0.706063
0.731067
0.308227
0.927821
0.495666
0.912344
0.44479
0.361557
0.0174184
0.383276
0.408177
0.344528
0.967761
0.238305
0.587053
0.531564
0.546601
0.267308
0.834432
0.123333
0.0858847
0.348153
0.860402
0.0370982
0.681535
0.641098
0.841882
0.630861
0.310502
0.260214
0.879297
0.206122
0.113004
0.100276
0.239959
0.371428
0.849743
0.6435
0.479114
0.43702
0.985018
0.405406
0.971078
0.445681
0.28164
0.537139
0.707615
0.140872
0.0368582
0.47048
0.291284
0.0611607
0.0824621
0.829091
0.317664
0.256163
0.2151
0.906356
0.0823973
0.998207
0.394959
0.208752
0.414849
0.553494
0.0867376
0.887482
0.639166
0.206586
0.987519
0.321775
0.408676
0.998183
0.165552
0.636562
0.734305
0.851239
0.680391
0.477199
0.92732
0.76056
0.691974
0.686473
0.574179
0.899584
0.365016
0.303761
0.467814
0.13361
0.187683
0.858358
0.562784
0.0329352
0.0879514
0.40477
0.385146
0.994458
0.972382
0.777396
0.145257
0.580122
0.829552
0.486342
0.207705
0.726827
0.578863
0.306515
0.109203
0.9869
0.380961
0.762574
0.94717
0.293771
0.566343
0.22137
0.892159
0.480544
0.715523
0.0837814
0.307055
0.631423
0.581013
0.60724
0.533573
0.106181
0.622312
0.456808
0.328121
0.400282
0.198782
0.954141
0.242114
0.741699
0.221463
0.0457655
0.53486
0.169723
0.0974599
0.129754
0.956872
0.314354
0.873373
0.642167
0.503304
0.213547
0.574281
0.34239
0.0292146
0.605495
0.488253
0.695569
0.812509
0.239175
0.0722941
0.921043
0.999167
0.947615
0.550274
0.177934
0.955905
0.675042
0.85874
0.284069
0.147253
0.972213
0.428281
0.09872
0.283363
0.553248
0.263557
0.372533
0.259735
0.726685
0.0211169
0.762384
0.899736
0.151484
0.043043
0.806235
0.855118
0.251836
0.0407324
0.220054
0.383229
0.522587
0.794575
0.296183
0.298156
0.907345
0.173698
0.37189
0.884287
0.357336
0.436436
0.125278
0.84136
0.39653
0.0571106
0.794945
0.767109
0.374524
0.0250726
0.214179
0.230243
0.239599
0.624864
0.474681
0.474845
0.0322555
0.353516
0.0811073
0.262813
0.195308
0.292452
0.279232
0.191446
0.547673
0.376599
0.503252
0.391743
0.416692
0.883404
0.557706
0.921417
0.0702011
0.772614
0.0603637
0.630021
0.0762667
0.507163
0.769195
0.52545
0.292918
0.93098
0.335799
0.181488
0.988675
0.095309
0.485899
0.317373
0.544059
0.506218
0.519859
0.771372
0.618503
0.277573
0.544976
0.48067
0.710872
0.308001
0.394908
0.624634
0.510488
0.219123
0.0424191
0.517144
0.329324
0.953015
0.997546
0.759534
0.895792
0.847679
0.370204
0.0480908
0.165746
0.402174
0.662271
0.651559
0.146407
0.606875
0.207842
0.388763
0.00465167
0.43958
0.359386
0.524278
0.93759
0.551388
0.558018
0.463196
0.665141
0.875702
0.412793
0.046003
0.337044
0.12126
0.596508
0.521386
0.431661
0.278571
0.428481
0.370094
0.0303241
0.698369
0.559159
0.243605
0.860915
0.23835
0.0804234
0.786234
0.115095
0.732811
0.847057
0.646447
0.846476
0.269701
0.844978
0.0685239
0.597382
0.305849
0.451702
0.0879363
0.676002
0.955082
0.748056
0.189465
0.799518
0.438196
0.144366
0.733631
0.277147
0.134627
0.207869
0.372609
0.872376
0.987867
0.965792
0.726731
0.133618
0.907711
0.775354
0.343141
0.814919
0.690941
0.495969
0.464843
0.955535
0.944821
0.277289
0.252174
0.0354387
0.501151
0.654071
0.124446
0.72793
0.0714062
0.0285258
0.776095
0.425404
0.682711
0.788797
0.2453
0.718303
0.779248
0.664405
0.622806
0.155161
0.454465
0.708404
0.697607
0.960845
0.159073
0.655469
0.536337
0.578424
0.0963287
0.518466
0.714121
0.916908
0.729444
0.716686
0.355685
0.123378
0.144584
0.167286
0.734791
0.107931
0.888686
0.034317
0.62638
0.78668
0.790193
0.893738
0.631222
0.444255
0.678308
0.134714
0.649609
0.0645383
0.67394
0.82711
0.75801
0.92587
0.466677
0.532634
0.875676
0.0101504
0.761589
0.584088
0.574829
0.0326303
0.202334
0.886722
0.0969264
0.955865
0.871096
0.888402
0.896461
0.0167472
0.969446
0.597667
0.514869
0.265101
0.154258
0.845585
0.422115
0.030719
0.701307
0.596979
0.414315
0.533992
0.863889
0.871856
0.978474
0.55142
0.863899
0.179197
0.123451
0.379609
0.353432
0.0342826
0.993254
0.732857
0.622137
0.987342
0.399868
0.314423
0.366398
0.37898
0.188961
0.712509
0.236981
0.862521
0.666268
0.581105
0.103329
0.555334
0.136234
0.712721
0.0322475
0.927851
0.520812
0.32153
0.517085
